8.144516944885253906e-01
7.927824854850769043e-01
7.768778800964355469e-01
5.406118631362915039e-01
7.529055476188659668e-01
1.265244007110595703e+00
8.253051638603210449e-01
7.164077162742614746e-01
8.265260457992553711e-01
9.164106249809265137e-01
1.333082556724548340e+00
1.238915681838989258e+00
6.802970767021179199e-01
7.245132923126220703e-01
6.633036732673645020e-01
1.315548539161682129e+00
5.392208099365234375e-01
1.548929810523986816e+00
5.585949420928955078e-01
7.214620113372802734e-01
8.115991950035095215e-01
7.761291861534118652e-01
7.198451757431030273e-01
8.095930814743041992e-01
6.018581390380859375e-01
1.216824769973754883e+00
9.630265235900878906e-01
1.011764407157897949e+00
1.327415943145751953e+00
7.292414307594299316e-01
8.715729713439941406e-01
1.194666624069213867e+00
7.675211429595947266e-01
5.851542949676513672e-01
6.953597068786621094e-01
8.834903240203857422e-01
1.060185074806213379e+00
5.739035606384277344e-01
1.023179411888122559e+00
6.925888657569885254e-01
7.349775433540344238e-01
8.346683382987976074e-01
7.375000715255737305e-01
6.152725219726562500e-01
8.098665475845336914e-01
7.258508801460266113e-01
7.195295095443725586e-01
6.738680601119995117e-01
7.927788496017456055e-01
7.340639233589172363e-01
1.523786544799804688e+00
5.818618535995483398e-01
9.722509384155273438e-01
9.712259769439697266e-01
6.893269419670104980e-01
5.830250382423400879e-01
1.214630126953125000e+00
1.124010086059570312e+00
8.518319129943847656e-01
1.122010707855224609e+00
7.143321633338928223e-01
4.763818085193634033e-01
5.723798871040344238e-01
8.668508529663085938e-01
7.441668510437011719e-01
6.651379466056823730e-01
7.583968043327331543e-01
1.400723576545715332e+00
9.141418933868408203e-01
5.797568559646606445e-01
9.745204448699951172e-01
5.204343795776367188e-01
5.887705087661743164e-01
1.189483165740966797e+00
1.022536993026733398e+00
1.160526156425476074e+00
6.769651174545288086e-01
8.361291289329528809e-01
1.032336473464965820e+00
9.858603477478027344e-01
5.857422351837158203e-01
6.520680189132690430e-01
8.460620641708374023e-01
7.313706874847412109e-01
1.165419340133666992e+00
6.451207399368286133e-01
6.155744791030883789e-01
5.529989004135131836e-01
8.906376361846923828e-01
9.542326927185058594e-01
7.136734724044799805e-01
6.159827709197998047e-01
1.131246328353881836e+00
1.085921168327331543e+00
5.820400714874267578e-01
1.049018383026123047e+00
7.663674354553222656e-01
6.723843812942504883e-01
6.087415814399719238e-01
1.092557668685913086e+00
6.177534461021423340e-01
6.046333312988281250e-01
9.226403832435607910e-01
1.050929665565490723e+00
7.094892263412475586e-01
1.312941789627075195e+00
8.129983544349670410e-01
1.332780361175537109e+00
7.551194429397583008e-01
1.038051724433898926e+00
5.344345569610595703e-01
6.436733007431030273e-01
6.625439524650573730e-01
3.199068605899810791e-01
1.390713930130004883e+00
7.451086044311523438e-01
1.027733683586120605e+00
7.607445716857910156e-01
5.687535405158996582e-01
7.581326961517333984e-01
1.021337032318115234e+00
8.513550758361816406e-01
1.068354368209838867e+00
1.100037932395935059e+00
7.327966690063476562e-01
7.907382845878601074e-01
9.887238740921020508e-01
1.081340789794921875e+00
1.355226278305053711e+00
1.029150128364562988e+00
1.000912904739379883e+00
6.820982098579406738e-01
7.786399126052856445e-01
7.850292921066284180e-01
9.662334322929382324e-01
7.928259372711181641e-01
1.057956695556640625e+00
7.601019144058227539e-01
1.592617869377136230e+00
1.186616539955139160e+00
1.542575001716613770e+00
6.394300460815429688e-01
9.181747436523437500e-01
1.152468562126159668e+00
1.261738300323486328e+00
6.655074954032897949e-01
8.346605300903320312e-01
6.715833544731140137e-01
1.063750386238098145e+00
9.601728320121765137e-01
1.102345466613769531e+00
1.416725039482116699e+00
7.877911925315856934e-01
7.897765636444091797e-01
5.707978010177612305e-01
7.344337701797485352e-01
6.649350523948669434e-01
9.550616741180419922e-01
1.473228216171264648e+00
8.143546581268310547e-01
1.022734880447387695e+00
9.724885821342468262e-01
1.143752455711364746e+00
1.140021920204162598e+00
8.423485159873962402e-01
7.605082988739013672e-01
9.146019816398620605e-01
6.812113523483276367e-01
7.363017201423645020e-01
1.175723314285278320e+00
9.732074141502380371e-01
9.509040713310241699e-01
8.675903081893920898e-01
6.912155747413635254e-01
1.389671325683593750e+00
1.134517431259155273e+00
6.617439389228820801e-01
1.080230951309204102e+00
1.395046830177307129e+00
1.020353198051452637e+00
1.148309707641601562e+00
7.846280336380004883e-01
5.951340198516845703e-01
1.160458087921142578e+00
7.441012263298034668e-01
1.419878363609313965e+00
8.020259737968444824e-01
1.294172048568725586e+00
9.525117874145507812e-01
6.431503295898437500e-01
1.189509630203247070e+00
8.562160730361938477e-01
8.877192139625549316e-01
7.614625096321105957e-01
9.560646414756774902e-01
1.066232562065124512e+00
6.635261178016662598e-01
1.166703820228576660e+00
1.143262505531311035e+00
1.030822038650512695e+00
7.938239574432373047e-01
8.428205251693725586e-01
6.374914646148681641e-01
6.976175308227539062e-01
7.683230638504028320e-01
7.039414048194885254e-01
7.768198251724243164e-01
1.226914763450622559e+00
7.474980354309082031e-01
5.727308988571166992e-01
1.010800361633300781e+00
5.170593261718750000e-01
1.412854313850402832e+00
6.414658427238464355e-01
7.096847295761108398e-01
9.022795557975769043e-01
5.867284536361694336e-01
8.930808305740356445e-01
1.125117778778076172e+00
6.784496903419494629e-01
1.122992038726806641e+00
1.380110859870910645e+00
7.788007259368896484e-01
5.603662729263305664e-01
7.757029533386230469e-01
8.506873846054077148e-01
1.418032526969909668e+00
7.012696266174316406e-01
7.220975756645202637e-01
9.473510980606079102e-01
4.925158619880676270e-01
7.050732374191284180e-01
1.000753402709960938e+00
8.952813148498535156e-01
6.578178405761718750e-01
1.073041319847106934e+00
7.694602608680725098e-01
5.209923982620239258e-01
8.573946952819824219e-01
7.601237893104553223e-01
9.978375434875488281e-01
1.037975549697875977e+00
1.154340267181396484e+00
5.596846342086791992e-01
8.874111175537109375e-01
7.891899347305297852e-01
8.602240085601806641e-01
9.761984348297119141e-01
8.793101906776428223e-01
1.041385889053344727e+00
6.224120259284973145e-01
8.200230598449707031e-01
8.546729683876037598e-01
1.250890731811523438e+00
7.606855630874633789e-01
7.531272172927856445e-01
9.292077422142028809e-01
9.315743446350097656e-01
1.429495334625244141e+00
7.174617052078247070e-01
8.290506005287170410e-01
7.016306519508361816e-01
1.272639513015747070e+00
8.867626190185546875e-01
6.623426675796508789e-01
1.214214086532592773e+00
1.101550459861755371e+00
1.023668050765991211e+00
7.466346025466918945e-01
1.086994171142578125e+00
8.815175890922546387e-01
5.386362671852111816e-01
1.001175999641418457e+00
1.001187205314636230e+00
8.135315179824829102e-01
1.286446571350097656e+00
1.126767396926879883e+00
4.889063537120819092e-01
6.140000820159912109e-01
5.236307382583618164e-01
8.862264156341552734e-01
8.480788469314575195e-01
1.026710748672485352e+00
8.443963527679443359e-01
6.489362120628356934e-01
8.856409192085266113e-01
6.280636787414550781e-01
7.493550181388854980e-01
7.369194030761718750e-01
1.079798936843872070e+00
9.146339893341064453e-01
7.370097637176513672e-01
5.687413215637207031e-01
6.561148762702941895e-01
7.920613288879394531e-01
6.371268033981323242e-01
8.529199361801147461e-01
6.755141019821166992e-01
6.753391623497009277e-01
4.145985841751098633e-01
6.735838651657104492e-01
8.050594329833984375e-01
7.945237159729003906e-01
4.945274591445922852e-01
9.016261100769042969e-01
9.664011001586914062e-01
7.851755023002624512e-01
6.402436494827270508e-01
1.084771394729614258e+00
1.101850152015686035e+00
9.154931902885437012e-01
9.945555925369262695e-01
9.050139784812927246e-01
1.526062011718750000e+00
7.009916901588439941e-01
6.399678587913513184e-01
8.396402001380920410e-01
1.118489503860473633e+00
8.481125831604003906e-01
6.114415526390075684e-01
6.983063220977783203e-01
8.095375895500183105e-01
7.283331751823425293e-01
6.200830936431884766e-01
1.046204566955566406e+00
5.612382292747497559e-01
5.449030399322509766e-01
8.512939214706420898e-01
8.313552737236022949e-01
8.209452033042907715e-01
7.234897613525390625e-01
5.626988410949707031e-01
5.899393558502197266e-01
8.818894028663635254e-01
9.561321139335632324e-01
5.039314031600952148e-01
6.273139715194702148e-01
1.232810258865356445e+00
7.550329566001892090e-01
1.069739937782287598e+00
7.437324523925781250e-01
6.535046696662902832e-01
6.076797842979431152e-01
5.873884558677673340e-01
1.168978452682495117e+00
8.419365882873535156e-01
4.909753799438476562e-01
5.895187258720397949e-01
1.063484072685241699e+00
4.838446974754333496e-01
7.368431091308593750e-01
1.059224724769592285e+00
6.442349553108215332e-01
9.438161253929138184e-01
8.412070274353027344e-01
1.054838180541992188e+00
7.116658091545104980e-01
8.883988857269287109e-01
9.869658946990966797e-01
9.247553944587707520e-01
1.073035240173339844e+00
5.043130517005920410e-01
7.934627532958984375e-01
1.009671449661254883e+00
1.154183387756347656e+00
8.353230357170104980e-01
8.480216264724731445e-01
5.920340418815612793e-01
5.663611888885498047e-01
7.841318845748901367e-01
8.751368522644042969e-01
7.542194724082946777e-01
1.131155729293823242e+00
1.470780253410339355e+00
7.003027200698852539e-01
4.842061996459960938e-01
5.527666807174682617e-01
7.830892801284790039e-01
1.075205922126770020e+00
5.950903892517089844e-01
1.116429567337036133e+00
5.851650238037109375e-01
9.332213997840881348e-01
1.041743040084838867e+00
6.127926111221313477e-01
1.236537575721740723e+00
8.383710384368896484e-01
1.208505868911743164e+00
7.863465547561645508e-01
8.063489794731140137e-01
6.640897989273071289e-01
1.283176660537719727e+00
1.292066812515258789e+00
1.008628129959106445e+00
9.505075216293334961e-01
9.496036767959594727e-01
8.212088942527770996e-01
1.087501525878906250e+00
8.084131479263305664e-01
7.827706933021545410e-01
7.279115915298461914e-01
9.000176787376403809e-01
5.210697650909423828e-01
1.016800045967102051e+00
6.255200505256652832e-01
7.052804231643676758e-01
7.491598129272460938e-01
8.856722116470336914e-01
6.162846684455871582e-01
7.755780220031738281e-01
9.949320554733276367e-01
9.598025679588317871e-01
6.631141901016235352e-01
9.477045536041259766e-01
9.257200956344604492e-01
9.277815818786621094e-01
7.296969890594482422e-01
9.862010478973388672e-01
1.046650886535644531e+00
7.930771708488464355e-01
1.151990652084350586e+00
1.403410911560058594e+00
1.064879298210144043e+00
9.446896314620971680e-01
8.657786846160888672e-01
1.085661411285400391e+00
1.051189899444580078e+00
7.197565436363220215e-01
8.696713447570800781e-01
8.493605852127075195e-01
1.137667536735534668e+00
7.199978828430175781e-01
8.963905572891235352e-01
1.215646743774414062e+00
1.301695823669433594e+00
1.071410417556762695e+00
8.997567296028137207e-01
1.076165914535522461e+00
7.976968288421630859e-01
9.378141164779663086e-01
7.862067222595214844e-01
9.834837913513183594e-01
9.397119879722595215e-01
6.494382619857788086e-01
7.269957065582275391e-01
6.919723153114318848e-01
7.606895565986633301e-01
7.932503819465637207e-01
8.297201991081237793e-01
1.057241201400756836e+00
6.286534667015075684e-01
8.414740562438964844e-01
7.038973569869995117e-01
9.743449687957763672e-01
8.334012627601623535e-01
6.970927119255065918e-01
1.099752426147460938e+00
8.280606269836425781e-01
9.543175697326660156e-01
5.068946480751037598e-01
9.143877029418945312e-01
8.378840088844299316e-01
1.296510934829711914e+00
8.604549169540405273e-01
6.217273473739624023e-01
9.374982118606567383e-01
4.904651045799255371e-01
8.693026304244995117e-01
8.469468355178833008e-01
9.614182114601135254e-01
6.201857328414916992e-01
7.477399110794067383e-01
8.117110133171081543e-01
6.822505593299865723e-01
2.847828865051269531e-01
7.729090452194213867e-01
1.326349258422851562e+00
1.018080353736877441e+00
6.334252357482910156e-01
7.881600856781005859e-01
8.831757307052612305e-01
7.909895777702331543e-01
1.196353197097778320e+00
1.043363213539123535e+00
1.536591768264770508e+00
6.648817062377929688e-01
9.248264431953430176e-01
8.279349803924560547e-01
7.238983511924743652e-01
6.931291222572326660e-01
6.260848045349121094e-01
7.267273068428039551e-01
6.652873754501342773e-01
8.098217248916625977e-01
8.556036949157714844e-01
9.925718307495117188e-01
1.117865800857543945e+00
6.782101392745971680e-01
6.524807810783386230e-01
6.971254348754882812e-01
4.627288877964019775e-01
7.435796260833740234e-01
6.960402727127075195e-01
8.841221928596496582e-01
6.254662871360778809e-01
4.873363375663757324e-01
1.229611515998840332e+00
1.369922637939453125e+00
1.036816358566284180e+00
1.054644703865051270e+00
9.773923754692077637e-01
1.285104751586914062e+00
1.104321718215942383e+00
7.574210166931152344e-01
8.209194540977478027e-01
6.091187000274658203e-01
8.978316783905029297e-01
7.785278558731079102e-01
9.939104914665222168e-01
1.382995724678039551e+00
8.438348770141601562e-01
9.412265419960021973e-01
4.098968505859375000e-01
8.162060976028442383e-01
9.767810106277465820e-01
7.052894234657287598e-01
7.745826244354248047e-01
1.339278221130371094e+00
6.787315011024475098e-01
1.064876914024353027e+00
6.639689207077026367e-01
6.961442828178405762e-01
7.481030821800231934e-01
9.156454801559448242e-01
7.748185396194458008e-01
6.727711558341979980e-01
1.027283072471618652e+00
8.831493854522705078e-01
1.290816903114318848e+00
1.006691932678222656e+00
6.315470337867736816e-01
3.310937285423278809e-01
8.344577550888061523e-01
1.173506259918212891e+00
1.005857467651367188e+00
9.901008605957031250e-01
6.451715230941772461e-01
9.092993140220642090e-01
6.760513186454772949e-01
5.942688584327697754e-01
7.785784006118774414e-01
6.105144023895263672e-01
7.344253659248352051e-01
7.112554311752319336e-01
7.907440662384033203e-01
8.504810333251953125e-01
7.920289039611816406e-01
9.652436971664428711e-01
5.568242073059082031e-01
9.141408205032348633e-01
7.316434383392333984e-01
1.061999320983886719e+00
8.053300976753234863e-01
1.205180525779724121e+00
1.221225500106811523e+00
6.189492344856262207e-01
1.036637783050537109e+00
7.155605554580688477e-01
9.974353313446044922e-01
9.106708765029907227e-01
8.025780320167541504e-01
5.139827132225036621e-01
1.050844550132751465e+00
5.510673522949218750e-01
9.456849098205566406e-01
5.839945077896118164e-01
1.245536446571350098e+00
8.277944326400756836e-01
6.149249672889709473e-01
8.601914644241333008e-01
8.572623729705810547e-01
6.665303707122802734e-01
8.859229087829589844e-01
6.960844397544860840e-01
5.936864018440246582e-01
7.207449078559875488e-01
6.801004409790039062e-01
1.406734466552734375e+00
1.226421117782592773e+00
4.180020987987518311e-01
1.379517316818237305e+00
5.015228986740112305e-01
9.471458196640014648e-01
8.041394948959350586e-01
6.803904771804809570e-01
1.250930070877075195e+00
8.315846920013427734e-01
1.104984521865844727e+00
1.175846815109252930e+00
3.948202133178710938e-01
8.259692788124084473e-01
1.000462055206298828e+00
1.407677650451660156e+00
7.343192696571350098e-01
1.150408983230590820e+00
8.276606798171997070e-01
9.984883666038513184e-01
8.061318397521972656e-01
6.291072964668273926e-01
1.213853836059570312e+00
9.381247758865356445e-01
1.368230819702148438e+00
8.128692507743835449e-01
9.608460068702697754e-01
5.268191099166870117e-01
1.222344160079956055e+00
1.037696480751037598e+00
8.841307163238525391e-01
8.069171309471130371e-01
6.593894362449645996e-01
9.403536319732666016e-01
8.605480790138244629e-01
7.933424115180969238e-01
1.415914535522460938e+00
8.658618330955505371e-01
9.644991159439086914e-01
1.204385280609130859e+00
6.719092130661010742e-01
6.898780465126037598e-01
7.309095859527587891e-01
7.070161700248718262e-01
8.332740068435668945e-01
5.886810421943664551e-01
5.708907842636108398e-01
1.057356238365173340e+00
7.290121316909790039e-01
1.103327989578247070e+00
8.619276881217956543e-01
8.963974118232727051e-01
9.984524250030517578e-01
5.696151852607727051e-01
7.326972484588623047e-01
8.077863454818725586e-01
8.602929115295410156e-01
1.377873897552490234e+00
6.310529708862304688e-01
6.862481236457824707e-01
9.773959517478942871e-01
1.223624467849731445e+00
1.263350129127502441e+00
7.992284893989562988e-01
6.103641986846923828e-01
1.215620517730712891e+00
7.735838890075683594e-01
4.966309070587158203e-01
9.473304748535156250e-01
6.716170310974121094e-01
1.020546197891235352e+00
1.213883876800537109e+00
1.132858872413635254e+00
6.580566763877868652e-01
1.059162378311157227e+00
1.259788036346435547e+00
1.013960361480712891e+00
7.759844660758972168e-01
5.951298475265502930e-01
7.701996564865112305e-01
6.805273890495300293e-01
6.732975840568542480e-01
8.784010410308837891e-01
7.703753709793090820e-01
1.057379484176635742e+00
1.105327129364013672e+00
7.096269726753234863e-01
6.188766956329345703e-01
7.562378644943237305e-01
7.015206813812255859e-01
8.967422842979431152e-01
9.452437162399291992e-01
8.109813332557678223e-01
1.106460809707641602e+00
1.205227494239807129e+00
7.244179844856262207e-01
7.870902419090270996e-01
1.054863929748535156e+00
6.559922099113464355e-01
6.231532096862792969e-01
7.838630676269531250e-01
4.134120941162109375e-01
1.321469783782958984e+00
1.191801548004150391e+00
7.574295997619628906e-01
1.471430659294128418e+00
7.285835742950439453e-01
1.089614272117614746e+00
1.444734811782836914e+00
7.964000105857849121e-01
6.848043799400329590e-01
5.986765027046203613e-01
7.266781926155090332e-01
5.575074553489685059e-01
7.510843873023986816e-01
9.068601131439208984e-01
8.454700112342834473e-01
8.694115877151489258e-01
7.154040336608886719e-01
8.095558285713195801e-01
8.644626736640930176e-01
6.548838019371032715e-01
7.933335304260253906e-01
1.071225881576538086e+00
7.717980146408081055e-01
7.280585169792175293e-01
9.178990125656127930e-01
8.576139211654663086e-01
1.398885011672973633e+00
1.198101639747619629e+00
5.342165827751159668e-01
6.908478736877441406e-01
9.416646957397460938e-01
7.987302541732788086e-01
1.020184636116027832e+00
9.905294179916381836e-01
5.120863914489746094e-01
1.160789489746093750e+00
1.055317878723144531e+00
1.092833042144775391e+00
8.893787860870361328e-01
1.102490782737731934e+00
6.322363018989562988e-01
9.034615755081176758e-01
1.407178878784179688e+00
5.482689738273620605e-01
8.904963135719299316e-01
1.081102848052978516e+00
8.382117152214050293e-01
8.637526035308837891e-01
6.026978492736816406e-01
8.423174619674682617e-01
1.552710294723510742e+00
9.910913705825805664e-01
6.823132634162902832e-01
8.209776282310485840e-01
7.556908130645751953e-01
6.247391104698181152e-01
1.143496036529541016e+00
1.116108179092407227e+00
1.040228128433227539e+00
1.626540541648864746e+00
7.659831643104553223e-01
9.238042831420898438e-01
6.878867149353027344e-01
5.730382800102233887e-01
1.320397138595581055e+00
6.699864268302917480e-01
5.492444634437561035e-01
6.101976037025451660e-01
6.577413678169250488e-01
8.064306378364562988e-01
9.819331765174865723e-01
7.080452442169189453e-01
8.848872780799865723e-01
9.789398908615112305e-01
8.572918176651000977e-01
9.101329445838928223e-01
7.923954129219055176e-01
9.002502560615539551e-01
9.578509330749511719e-01
7.071106433868408203e-01
5.641961097717285156e-01
5.234463810920715332e-01
6.600206494331359863e-01
7.267343997955322266e-01
6.127564311027526855e-01
9.257538318634033203e-01
5.050098896026611328e-01
8.610155582427978516e-01
1.247746944427490234e+00
8.228178024291992188e-01
8.528448939323425293e-01
1.222569584846496582e+00
8.608357906341552734e-01
9.275802373886108398e-01
7.954969406127929688e-01
9.775371551513671875e-01
4.852536320686340332e-01
9.299536347389221191e-01
5.722056627273559570e-01
5.760807394981384277e-01
9.671258926391601562e-01
8.590339422225952148e-01
8.762426376342773438e-01
8.775697946548461914e-01
7.004583477973937988e-01
6.945973634719848633e-01
1.144925117492675781e+00
6.133225560188293457e-01
1.003969550132751465e+00
1.130602359771728516e+00
7.354347705841064453e-01
7.390659451484680176e-01
7.310380339622497559e-01
6.779866218566894531e-01
7.661640644073486328e-01
1.098063468933105469e+00
9.992233514785766602e-01
5.752460956573486328e-01
7.317816615104675293e-01
7.093842029571533203e-01
5.523777008056640625e-01
6.072003245353698730e-01
5.918055772781372070e-01
1.007210731506347656e+00
1.064412117004394531e+00
1.015307307243347168e+00
6.170531511306762695e-01
9.425046443939208984e-01
9.017770290374755859e-01
8.675568699836730957e-01
1.035374164581298828e+00
7.173950076103210449e-01
8.981184959411621094e-01
7.892667651176452637e-01
8.136039972305297852e-01
8.420172333717346191e-01
8.223066926002502441e-01
6.905378103256225586e-01
4.050799608230590820e-01
9.157321453094482422e-01
8.450253605842590332e-01
5.038618445396423340e-01
8.980743885040283203e-01
1.480986595153808594e+00
1.423108220100402832e+00
8.968960642814636230e-01
1.063621401786804199e+00
5.701374411582946777e-01
7.406830787658691406e-01
5.153641104698181152e-01
6.606719493865966797e-01
1.244709253311157227e+00
9.905056953430175781e-01
4.663131833076477051e-01
7.804697751998901367e-01
6.727423667907714844e-01
9.189838171005249023e-01
7.768417596817016602e-01
8.393597006797790527e-01
1.025537371635437012e+00
6.672926545143127441e-01
9.200196266174316406e-01
8.076564669609069824e-01
7.936522960662841797e-01
1.230681180953979492e+00
7.329354882240295410e-01
8.944197893142700195e-01
6.374207139015197754e-01
8.276240825653076172e-01
1.003705024719238281e+00
9.342387914657592773e-01
8.016074299812316895e-01
5.035932064056396484e-01
6.589142680168151855e-01
8.318275809288024902e-01
9.974662065505981445e-01
1.187670946121215820e+00
9.497491121292114258e-01
7.215241193771362305e-01
9.136552810668945312e-01
6.149680614471435547e-01
9.401720166206359863e-01
5.072705149650573730e-01
7.581170797348022461e-01
5.047311186790466309e-01
8.661646842956542969e-01
1.376254081726074219e+00
7.823184132575988770e-01
1.231347560882568359e+00
9.098306298255920410e-01
9.928071498870849609e-01
1.243068456649780273e+00
7.652431726455688477e-01
7.177575826644897461e-01
7.495254278182983398e-01
1.270683407783508301e+00
1.042737722396850586e+00
8.686494231224060059e-01
1.140820741653442383e+00
9.920088052749633789e-01
8.637489080429077148e-01
9.295562505722045898e-01
7.733268737792968750e-01
4.996843338012695312e-01
7.660049200057983398e-01
1.116719007492065430e+00
1.377416253089904785e+00
7.936663627624511719e-01
1.056290149688720703e+00
6.859708428382873535e-01
8.791242837905883789e-01
7.689611911773681641e-01
5.951298475265502930e-01
8.164958953857421875e-01
2.715961039066314697e-01
6.948144435882568359e-01
8.169887661933898926e-01
7.960988879203796387e-01
9.710338115692138672e-01
6.172081232070922852e-01
6.092258691787719727e-01
3.942443728446960449e-01
8.501756191253662109e-01
7.948702573776245117e-01
8.327608108520507812e-01
7.012027502059936523e-01
5.678310394287109375e-01
7.318542003631591797e-01
7.120683789253234863e-01
1.026573061943054199e+00
6.196233630180358887e-01
7.486932277679443359e-01
7.773867845535278320e-01
5.805910825729370117e-01
1.045824527740478516e+00
8.604741692543029785e-01
5.952569842338562012e-01
8.918119072914123535e-01
9.835795164108276367e-01
9.973082542419433594e-01
1.027173161506652832e+00
8.297750949859619141e-01
5.854502320289611816e-01
7.420408129692077637e-01
8.852926492691040039e-01
9.246999621391296387e-01
7.198243737220764160e-01
4.943325519561767578e-01
9.334446191787719727e-01
7.537496685981750488e-01
8.247726559638977051e-01
8.264437317848205566e-01
8.566030263900756836e-01
8.579910993576049805e-01
7.904268503189086914e-01
7.020198106765747070e-01
1.072409391403198242e+00
8.635274171829223633e-01
7.874569892883300781e-01
8.967537879943847656e-01
9.244450926780700684e-01
6.968062520027160645e-01
9.712585210800170898e-01
1.294898509979248047e+00
1.285426139831542969e+00
1.013989686965942383e+00
6.234571933746337891e-01
1.265225887298583984e+00
1.229932785034179688e+00
8.046789765357971191e-01
6.455669403076171875e-01
6.800457835197448730e-01
7.770658731460571289e-01
8.618149161338806152e-01
7.611858844757080078e-01
8.364478945732116699e-01
9.029963016510009766e-01
9.996767044067382812e-01
8.441173434257507324e-01
7.857436537742614746e-01
6.249661445617675781e-01
9.335381984710693359e-01
4.993368983268737793e-01
9.490041732788085938e-01
8.335163593292236328e-01
6.580749750137329102e-01
7.988740205764770508e-01
5.617054700851440430e-01
9.080482125282287598e-01
9.433457255363464355e-01
1.205361843109130859e+00
8.770563602447509766e-01
7.606686353683471680e-01
9.327325820922851562e-01
8.212651014328002930e-01
7.771967053413391113e-01
8.523817658424377441e-01
5.826005339622497559e-01
8.327128291130065918e-01
8.096637129783630371e-01
7.670357227325439453e-01
8.888001441955566406e-01
5.718467831611633301e-01
9.350056052207946777e-01
7.531979084014892578e-01
7.738739848136901855e-01
9.941310882568359375e-01
8.320639133453369141e-01
6.099748015403747559e-01
8.357661962509155273e-01
6.858119368553161621e-01
7.422376871109008789e-01
6.120593547821044922e-01
1.048877477645874023e+00
1.263598442077636719e+00
6.911546587944030762e-01
9.633452892303466797e-01
4.816119670867919922e-01
9.922890663146972656e-01
7.563976049423217773e-01
9.569563865661621094e-01
9.247991442680358887e-01
8.058626651763916016e-01
6.872282028198242188e-01
8.202862739562988281e-01
1.414610862731933594e+00
1.011398315429687500e+00
1.207423686981201172e+00
5.044741630554199219e-01
7.271208763122558594e-01
6.591997146606445312e-01
1.047353744506835938e+00
1.178113698959350586e+00
7.854766845703125000e-01
9.921610355377197266e-01
8.153450489044189453e-01
5.382218956947326660e-01
6.728945374488830566e-01
6.375243067741394043e-01
9.214098453521728516e-01
6.339752674102783203e-01
1.150271177291870117e+00
1.104751348495483398e+00
6.116453409194946289e-01
8.571505546569824219e-01
1.348162889480590820e+00
1.236477375030517578e+00
8.716529607772827148e-01
1.166216135025024414e+00
6.820484995841979980e-01
5.131514072418212891e-01
7.913708090782165527e-01
1.011170983314514160e+00
7.453328371047973633e-01
9.627923369407653809e-01
7.695764899253845215e-01
7.283578515052795410e-01
8.149163722991943359e-01
6.612362265586853027e-01
1.209192633628845215e+00
1.074383258819580078e+00
1.513640165328979492e+00
1.009583711624145508e+00
8.792471289634704590e-01
9.241750240325927734e-01
2.890730500221252441e-01
1.173042654991149902e+00
9.364292621612548828e-01
8.314172029495239258e-01
9.962470531463623047e-01
9.421616792678833008e-01
5.124641060829162598e-01
4.975902140140533447e-01
7.350460290908813477e-01
7.954246401786804199e-01
8.384842872619628906e-01
8.613576889038085938e-01
1.406917810440063477e+00
7.348972558975219727e-01
1.426598072052001953e+00
8.570703268051147461e-01
4.188630580902099609e-01
8.730957508087158203e-01
7.669831514358520508e-01
5.858364105224609375e-01
6.894065141677856445e-01
7.450615167617797852e-01
9.422886371612548828e-01
5.687715411186218262e-01
6.118231415748596191e-01
1.187811613082885742e+00
8.185054063796997070e-01
9.986458420753479004e-01
1.058943748474121094e+00
1.174263000488281250e+00
1.144448757171630859e+00
7.452228069305419922e-01
1.032049655914306641e+00
6.923449039459228516e-01
9.137122035026550293e-01
9.904971122741699219e-01
1.067479610443115234e+00
1.248877286911010742e+00
8.818290829658508301e-01
7.674015760421752930e-01
9.265257120132446289e-01
7.526664733886718750e-01
8.760313391685485840e-01
7.386946082115173340e-01
8.032338023185729980e-01
9.486299157142639160e-01
7.729175090789794922e-01
6.578468680381774902e-01
8.326392173767089844e-01
8.266097903251647949e-01
6.658802032470703125e-01
1.109413385391235352e+00
1.028998374938964844e+00
1.257277488708496094e+00
5.762925148010253906e-01
6.266968250274658203e-01
1.184557437896728516e+00
1.025001049041748047e+00
5.518777370452880859e-01
7.410761713981628418e-01
7.026097774505615234e-01
9.845315217971801758e-01
9.883524775505065918e-01
7.155005931854248047e-01
1.044953107833862305e+00
4.857290089130401611e-01
6.726955175399780273e-01
5.157616734504699707e-01
9.300477504730224609e-01
7.636823058128356934e-01
7.188035249710083008e-01
4.625765979290008545e-01
1.049689173698425293e+00
9.037832617759704590e-01
5.055013895034790039e-01
1.092785477638244629e+00
8.434649705886840820e-01
9.021944999694824219e-01
1.132617235183715820e+00
9.756867289543151855e-01
1.310427665710449219e+00
6.534817814826965332e-01
7.347106933593750000e-01
7.981039285659790039e-01
1.274017095565795898e+00
1.297967910766601562e+00
4.052863121032714844e-01
1.168732881546020508e+00
5.723862051963806152e-01
4.657568931579589844e-01
9.779948592185974121e-01
6.798291802406311035e-01
9.097670316696166992e-01
9.494413137435913086e-01
1.187190532684326172e+00
9.946386814117431641e-01
9.010865688323974609e-01
8.514062762260437012e-01
9.599812626838684082e-01
9.001841545104980469e-01
7.237497568130493164e-01
8.111385107040405273e-01
1.270551443099975586e+00
8.187218308448791504e-01
8.242688179016113281e-01
6.988089680671691895e-01
4.940627813339233398e-01
8.450285196304321289e-01
9.811737537384033203e-01
9.797363281250000000e-01
7.612649798393249512e-01
7.976601719856262207e-01
1.182216763496398926e+00
7.082374691963195801e-01
1.333630800247192383e+00
1.041970491409301758e+00
7.172194123268127441e-01
5.365463495254516602e-01
1.060370683670043945e+00
5.760062932968139648e-01
1.094391584396362305e+00
8.576851487159729004e-01
8.133329153060913086e-01
1.101056456565856934e+00
6.651644706726074219e-01
8.668675422668457031e-01
7.691515684127807617e-01
9.345767498016357422e-01
1.121719956398010254e+00
9.708827733993530273e-01
1.209482192993164062e+00
7.631348371505737305e-01
9.749321937561035156e-01
9.262132644653320312e-01
8.443992137908935547e-01
1.222850799560546875e+00
8.595255613327026367e-01
1.049649119377136230e+00
9.755699634552001953e-01
1.082521677017211914e+00
9.116263985633850098e-01
5.474777817726135254e-01
8.312993049621582031e-01
8.294249773025512695e-01
7.142864465713500977e-01
8.167597055435180664e-01
8.457172513008117676e-01
7.131742238998413086e-01
1.136743783950805664e+00
5.524907112121582031e-01
6.924406290054321289e-01
6.023884415626525879e-01
6.799014806747436523e-01
6.062653660774230957e-01
1.107046842575073242e+00
1.197411060333251953e+00
6.657296419143676758e-01
6.021729707717895508e-01
1.298613071441650391e+00
7.724319696426391602e-01
8.120586276054382324e-01
6.951801776885986328e-01
8.499866127967834473e-01
8.356688022613525391e-01
8.601579666137695312e-01
7.479324340820312500e-01
1.062370538711547852e+00
1.198244571685791016e+00
1.045136928558349609e+00
4.204030930995941162e-01
6.371062994003295898e-01
6.607757806777954102e-01
6.103464961051940918e-01
1.410870075225830078e+00
8.232155442237854004e-01
5.377494096755981445e-01
6.216171979904174805e-01
6.169754266738891602e-01
5.669885277748107910e-01
9.347555637359619141e-01
9.545378684997558594e-01
5.888240337371826172e-01
6.259856224060058594e-01
7.744970321655273438e-01
7.448948025703430176e-01
6.337875127792358398e-01
9.449768066406250000e-01
6.512280702590942383e-01
7.101590037345886230e-01
5.669965744018554688e-01
6.423939466476440430e-01
1.050252795219421387e+00
6.328823566436767578e-01
1.004940986633300781e+00
4.064646959304809570e-01
7.795593738555908203e-01
1.054377675056457520e+00
1.532780408859252930e+00
1.342616558074951172e+00
9.939969778060913086e-01
1.128849983215332031e+00
7.737588882446289062e-01
1.001510262489318848e+00
6.427556872367858887e-01
1.201470732688903809e+00
7.247158288955688477e-01
7.501775622367858887e-01
4.207719564437866211e-01
8.516990542411804199e-01
8.241218328475952148e-01
6.843789219856262207e-01
6.687965989112854004e-01
6.362966299057006836e-01
6.611801981925964355e-01
1.026785373687744141e+00
8.163692951202392578e-01
6.253197193145751953e-01
8.437659144401550293e-01
1.274046301841735840e+00
1.067803859710693359e+00
1.096211194992065430e+00
7.741231322288513184e-01
7.530642747879028320e-01
1.389733076095581055e+00
8.637081384658813477e-01
1.021852493286132812e+00
5.032011270523071289e-01
9.963777661323547363e-01
9.480167627334594727e-01
9.106173515319824219e-01
7.748553156852722168e-01
6.469279527664184570e-01
9.446243047714233398e-01
6.026391983032226562e-01
6.800109744071960449e-01
1.503245711326599121e+00
7.745466232299804688e-01
8.563957214355468750e-01
1.093614101409912109e+00
6.526811718940734863e-01
1.031024813652038574e+00
9.166415929794311523e-01
7.561045289039611816e-01
8.515322208404541016e-01
6.294856667518615723e-01
1.136878848075866699e+00
5.909013748168945312e-01
9.044165611267089844e-01
8.184045553207397461e-01
1.050172448158264160e+00
9.153480529785156250e-01
5.337353348731994629e-01
7.836378216743469238e-01
8.820440769195556641e-01
7.625695466995239258e-01
8.262974023818969727e-01
8.817733526229858398e-01
7.066026926040649414e-01
1.026855587959289551e+00
9.176712036132812500e-01
1.004113674163818359e+00
1.305889606475830078e+00
8.485083580017089844e-01
9.359045028686523438e-01
7.184739708900451660e-01
1.121433734893798828e+00
7.947747111320495605e-01
5.544610023498535156e-01
1.117137432098388672e+00
1.014856815338134766e+00
7.808055877685546875e-01
1.205750226974487305e+00
4.736462235450744629e-01
7.188616394996643066e-01
8.730313181877136230e-01
6.517372727394104004e-01
1.160600423812866211e+00
8.636695146560668945e-01
7.062896490097045898e-01
7.552528381347656250e-01
9.516793489456176758e-01
7.198455929756164551e-01
8.825221061706542969e-01
7.147490382194519043e-01
8.148871660232543945e-01
7.781188488006591797e-01
4.535533189773559570e-01
7.262896299362182617e-01
6.653264760971069336e-01
4.833624362945556641e-01
6.466972231864929199e-01
4.995754957199096680e-01
6.251813173294067383e-01
6.646675467491149902e-01
9.118186831474304199e-01
7.009552121162414551e-01
7.531830072402954102e-01
1.169327020645141602e+00
8.407608270645141602e-01
1.012498140335083008e+00
7.408318519592285156e-01
1.474575519561767578e+00
6.870123147964477539e-01
9.143227934837341309e-01
1.019311428070068359e+00
9.996759295463562012e-01
8.119542002677917480e-01
1.015011906623840332e+00
1.217632770538330078e+00
8.366973400115966797e-01
5.916458368301391602e-01
8.947551846504211426e-01
1.194277405738830566e+00
7.766228914260864258e-01
1.281542778015136719e+00
5.127484202384948730e-01
6.760627627372741699e-01
7.743656039237976074e-01
1.009058237075805664e+00
4.759109616279602051e-01
8.933966755867004395e-01
1.041662454605102539e+00
5.627020597457885742e-01
7.484583258628845215e-01
8.800344467163085938e-01
4.700332880020141602e-01
7.909619808197021484e-01
6.033605933189392090e-01
6.249793171882629395e-01
5.194201469421386719e-01
7.023147344589233398e-01
8.141875267028808594e-01
1.088078975677490234e+00
6.857904195785522461e-01
7.383466958999633789e-01
6.883883476257324219e-01
7.410850524902343750e-01
9.836561679840087891e-01
1.503630161285400391e+00
8.924558162689208984e-01
1.117156267166137695e+00
7.057037949562072754e-01
9.680756330490112305e-01
9.257723093032836914e-01
7.807059288024902344e-01
9.718061089515686035e-01
6.885329484939575195e-01
8.068613409996032715e-01
9.250094294548034668e-01
7.889209985733032227e-01
8.911454081535339355e-01
7.969845533370971680e-01
8.536283969879150391e-01
1.073545455932617188e+00
8.138163089752197266e-01
7.546180486679077148e-01
8.487457633018493652e-01
6.095759272575378418e-01
7.705160975456237793e-01
7.071617841720581055e-01
9.113179445266723633e-01
5.857495665550231934e-01
8.735939264297485352e-01
1.018057227134704590e+00
1.507468223571777344e+00
7.154441475868225098e-01
7.168757915496826172e-01
8.079725503921508789e-01
1.033972620964050293e+00
1.489254713058471680e+00
1.054703474044799805e+00
6.271265745162963867e-01
9.123793244361877441e-01
6.294473409652709961e-01
8.454186320304870605e-01
8.249965310096740723e-01
6.971001029014587402e-01
1.245858192443847656e+00
9.740769267082214355e-01
1.094676613807678223e+00
1.485139489173889160e+00
7.685500383377075195e-01
3.157887160778045654e-01
7.201155424118041992e-01
7.488284707069396973e-01
6.110983490943908691e-01
9.294030666351318359e-01
1.089652657508850098e+00
7.826753854751586914e-01
5.467385053634643555e-01
7.406159639358520508e-01
8.471724987030029297e-01
7.778024077415466309e-01
6.575091481208801270e-01
1.157548427581787109e+00
7.584288120269775391e-01
4.811618328094482422e-01
7.249498367309570312e-01
8.780275583267211914e-01
7.947703003883361816e-01
7.891955971717834473e-01
9.155927896499633789e-01
8.027397394180297852e-01
1.496356010437011719e+00
5.535174608230590820e-01
5.256622433662414551e-01
5.010859370231628418e-01
6.917488574981689453e-01
6.311006546020507812e-01
1.034121155738830566e+00
5.951298475265502930e-01
5.177914500236511230e-01
6.432369947433471680e-01
1.235729336738586426e+00
6.753582358360290527e-01
7.679865956306457520e-01
7.716593742370605469e-01
9.027370214462280273e-01
5.552496910095214844e-01
6.648514270782470703e-01
6.968703269958496094e-01
7.433459162712097168e-01
1.115576028823852539e+00
9.570088386535644531e-01
7.779779434204101562e-01
1.164928793907165527e+00
9.990195631980895996e-01
8.468388319015502930e-01
7.157880663871765137e-01
6.600204706192016602e-01
1.316427469253540039e+00
1.045057535171508789e+00
8.025134205818176270e-01
7.236424088478088379e-01
7.718125581741333008e-01
9.350020885467529297e-01
5.951298475265502930e-01
6.537001132965087891e-01
9.330684542655944824e-01
8.148286342620849609e-01
6.854839324951171875e-01
8.797435760498046875e-01
9.014701843261718750e-01
5.090377330780029297e-01
9.280454516410827637e-01
9.119778871536254883e-01
7.933369874954223633e-01
6.185653209686279297e-01
1.091872215270996094e+00
5.574110150337219238e-01
8.783552646636962891e-01
6.362071633338928223e-01
8.837084770202636719e-01
1.029914855957031250e+00
7.562242746353149414e-01
1.090585231781005859e+00
1.357091665267944336e+00
8.285498023033142090e-01
1.142477273941040039e+00
6.464786529541015625e-01
5.890690684318542480e-01
8.712761998176574707e-01
1.026921510696411133e+00
7.051516771316528320e-01
1.175197839736938477e+00
1.175276994705200195e+00
6.468396782875061035e-01
1.327401280403137207e+00
6.509961485862731934e-01
1.451386213302612305e+00
8.576338291168212891e-01
9.294265508651733398e-01
7.295913100242614746e-01
5.822743773460388184e-01
4.459096491336822510e-01
8.108877539634704590e-01
7.931073904037475586e-01
9.326680898666381836e-01
1.113467454910278320e+00
5.428592562675476074e-01
9.358240365982055664e-01
6.757098436355590820e-01
1.267052888870239258e+00
8.744384050369262695e-01
7.637557387351989746e-01
7.888708114624023438e-01
6.240506768226623535e-01
8.183056116104125977e-01
9.303803443908691406e-01
7.864578962326049805e-01
6.342561244964599609e-01
7.880980968475341797e-01
7.692381143569946289e-01
7.000362277030944824e-01
1.244472742080688477e+00
9.701857566833496094e-01
5.784764885902404785e-01
1.310707688331604004e+00
7.231580018997192383e-01
6.268950104713439941e-01
1.386632323265075684e+00
7.391899824142456055e-01
9.640675187110900879e-01
1.115358114242553711e+00
5.158570408821105957e-01
7.587558031082153320e-01
1.290249109268188477e+00
7.500768899917602539e-01
8.852835893630981445e-01
1.277456045150756836e+00
5.906929373741149902e-01
8.414944410324096680e-01
7.548488378524780273e-01
6.212672591209411621e-01
8.628308773040771484e-01
7.307020425796508789e-01
8.533917069435119629e-01
5.305034518241882324e-01
7.617913484573364258e-01
6.570410728454589844e-01
7.847943902015686035e-01
9.681497812271118164e-01
9.491719007492065430e-01
1.280340909957885742e+00
5.426222681999206543e-01
8.868619799613952637e-01
1.126984596252441406e+00
1.175602197647094727e+00
9.378451108932495117e-01
6.376419067382812500e-01
9.932308197021484375e-01
8.246953487396240234e-01
8.000125885009765625e-01
5.540629625320434570e-01
8.795144557952880859e-01
7.151124477386474609e-01
8.017634749412536621e-01
1.131301164627075195e+00
1.216248512268066406e+00
9.217917323112487793e-01
5.951298475265502930e-01
8.033638596534729004e-01
7.318289279937744141e-01
1.015558242797851562e+00
6.997249126434326172e-01
7.560155391693115234e-01
6.434786319732666016e-01
8.582118749618530273e-01
7.373486757278442383e-01
6.731965541839599609e-01
8.910523653030395508e-01
1.050477027893066406e+00
8.476748466491699219e-01
8.840508460998535156e-01
8.697500824928283691e-01
7.430614233016967773e-01
9.704232811927795410e-01
6.793075203895568848e-01
7.478434443473815918e-01
7.977629303932189941e-01
8.499662280082702637e-01
8.346112966537475586e-01
1.399880886077880859e+00
8.730249404907226562e-01
5.638663768768310547e-01
7.153726220130920410e-01
6.850252747535705566e-01
1.204425811767578125e+00
9.130564928054809570e-01
7.725329399108886719e-01
9.973280429840087891e-01
7.232768535614013672e-01
9.040356874465942383e-01
6.558181643486022949e-01
8.619346022605895996e-01
1.114840984344482422e+00
5.772812366485595703e-01
6.524651050567626953e-01
8.194929361343383789e-01
9.264862537384033203e-01
5.690336823463439941e-01
9.019446372985839844e-01
1.251073598861694336e+00
1.007709264755249023e+00
7.346949577331542969e-01
8.311001658439636230e-01
9.177988767623901367e-01
8.851239681243896484e-01
9.949898719787597656e-01
7.419678568840026855e-01
9.190149307250976562e-01
8.531571626663208008e-01
9.738180637359619141e-01
9.980595111846923828e-01
3.903576135635375977e-01
5.697316527366638184e-01
1.003256082534790039e+00
7.966683506965637207e-01
1.411045312881469727e+00
6.132733821868896484e-01
7.242469191551208496e-01
9.297585487365722656e-01
5.148171186447143555e-01
1.217356562614440918e+00
5.583788156509399414e-01
5.830122232437133789e-01
6.062380075454711914e-01
6.153428554534912109e-01
7.890809774398803711e-01
4.540007114410400391e-01
7.026357650756835938e-01
1.009581208229064941e+00
6.151102185249328613e-01
1.183842420578002930e+00
6.700698137283325195e-01
5.237690210342407227e-01
1.195953130722045898e+00
7.741314768791198730e-01
9.784703254699707031e-01
9.607667922973632812e-01
1.134583234786987305e+00
6.526180505752563477e-01
8.621889948844909668e-01
5.967630743980407715e-01
1.001353621482849121e+00
5.371693372726440430e-01
1.327973365783691406e+00
1.360741257667541504e+00
8.655521869659423828e-01
1.115167856216430664e+00
4.902604818344116211e-01
8.062137961387634277e-01
9.382673501968383789e-01
1.058188796043395996e+00
5.703932642936706543e-01
1.444197177886962891e+00
1.029819846153259277e+00
6.747645139694213867e-01
1.124176859855651855e+00
6.463640928268432617e-01
8.616554737091064453e-01
8.498936295509338379e-01
9.061923027038574219e-01
1.060739755630493164e+00
8.907386064529418945e-01
5.547385215759277344e-01
6.902207136154174805e-01
8.406225442886352539e-01
6.026115417480468750e-01
9.099375009536743164e-01
6.070855259895324707e-01
1.206111431121826172e+00
9.514436721801757812e-01
8.543025255203247070e-01
9.836920499801635742e-01
5.661047101020812988e-01
9.713447690010070801e-01
5.962370634078979492e-01
1.172998189926147461e+00
1.512192249298095703e+00
1.026551604270935059e+00
8.627162575721740723e-01
6.388554573059082031e-01
8.348917365074157715e-01
7.880163192749023438e-01
8.635415434837341309e-01
1.044108033180236816e+00
5.888476967811584473e-01
1.272375345230102539e+00
6.902476549148559570e-01
8.518260717391967773e-01
1.429831743240356445e+00
9.003293514251708984e-01
8.465633392333984375e-01
7.977774143218994141e-01
9.102746248245239258e-01
6.569098830223083496e-01
1.343853116035461426e+00
1.088451027870178223e+00
8.852062225341796875e-01
7.241143584251403809e-01
1.051092743873596191e+00
7.769124507904052734e-01
7.203966975212097168e-01
6.350015401840209961e-01
6.085783839225769043e-01
6.318514347076416016e-01
9.353845119476318359e-01
1.323358178138732910e+00
5.513263344764709473e-01
8.361583352088928223e-01
8.952804803848266602e-01
6.356251239776611328e-01
5.733279585838317871e-01
6.118775010108947754e-01
8.628514409065246582e-01
6.121354699134826660e-01
8.914289474487304688e-01
5.796013474464416504e-01
6.259641647338867188e-01
1.089089632034301758e+00
6.031046509742736816e-01
6.215137839317321777e-01
1.106484413146972656e+00
6.868785619735717773e-01
9.999793767929077148e-01
1.090842723846435547e+00
7.793869972229003906e-01
5.802297592163085938e-01
4.486654996871948242e-01
7.783910036087036133e-01
8.814702033996582031e-01
9.171772003173828125e-01
8.801975250244140625e-01
5.707857608795166016e-01
7.281526327133178711e-01
1.161582708358764648e+00
6.135160923004150391e-01
5.571473836898803711e-01
6.506282687187194824e-01
6.183958053588867188e-01
7.403570413589477539e-01
6.944198012351989746e-01
6.342632770538330078e-01
7.656975984573364258e-01
5.552303791046142578e-01
6.302328109741210938e-01
9.271155595779418945e-01
6.912076473236083984e-01
6.635929346084594727e-01
9.835866689682006836e-01
8.873440027236938477e-01
8.720759153366088867e-01
1.360580444335937500e+00
7.541314363479614258e-01
3.787853717803955078e-01
9.259929656982421875e-01
9.122260212898254395e-01
8.099756240844726562e-01
1.157064676284790039e+00
6.737557649612426758e-01
4.772897064685821533e-01
1.094922661781311035e+00
7.626203298568725586e-01
8.618390560150146484e-01
5.813540816307067871e-01
5.827980637550354004e-01
5.920611023902893066e-01
9.111927747726440430e-01
7.874052524566650391e-01
1.024468421936035156e+00
1.275329947471618652e+00
7.949792742729187012e-01
1.137184858322143555e+00
1.333247423171997070e+00
5.871278643608093262e-01
9.574431777000427246e-01
7.096240520477294922e-01
5.493088960647583008e-01
7.111703157424926758e-01
5.944448709487915039e-01
1.322695493698120117e+00
8.983386158943176270e-01
6.636091470718383789e-01
8.475352525711059570e-01
1.026205897331237793e+00
1.006184101104736328e+00
1.503597497940063477e+00
6.464933753013610840e-01
1.284297823905944824e+00
5.881553888320922852e-01
1.012497067451477051e+00
1.379732608795166016e+00
6.959993243217468262e-01
5.855913162231445312e-01
9.756806492805480957e-01
6.363723278045654297e-01
7.075939178466796875e-01
8.591421842575073242e-01
8.749131560325622559e-01
1.010922193527221680e+00
1.195303201675415039e+00
7.213228940963745117e-01
6.150529980659484863e-01
8.073141574859619141e-01
8.239334821701049805e-01
8.315129876136779785e-01
8.215474486351013184e-01
5.843645334243774414e-01
1.095113754272460938e+00
1.067649364471435547e+00
8.059436082839965820e-01
7.384372949600219727e-01
6.812053918838500977e-01
8.708006739616394043e-01
4.350284337997436523e-01
1.258192777633666992e+00
9.284501075744628906e-01
1.265099048614501953e+00
9.894706010818481445e-01
6.720080971717834473e-01
9.799025654792785645e-01
1.540816783905029297e+00
6.708111166954040527e-01
6.814122200012207031e-01
6.654869318008422852e-01
1.122746944427490234e+00
6.690225005149841309e-01
6.539772152900695801e-01
8.319896459579467773e-01
6.562384963035583496e-01
6.146345138549804688e-01
7.515751123428344727e-01
1.134798169136047363e+00
8.225834965705871582e-01
6.457153558731079102e-01
1.027298331260681152e+00
7.040029168128967285e-01
1.084308862686157227e+00
8.038448691368103027e-01
1.152357697486877441e+00
8.255706429481506348e-01
7.426609992980957031e-01
1.181192874908447266e+00
4.997676014900207520e-01
1.495682477951049805e+00
5.862023234367370605e-01
8.899323940277099609e-01
9.987245202064514160e-01
9.831196665763854980e-01
5.412803292274475098e-01
5.177289247512817383e-01
8.032242059707641602e-01
7.455277442932128906e-01
4.962286949157714844e-01
7.711752653121948242e-01
6.952754259109497070e-01
9.878031015396118164e-01
1.337511301040649414e+00
5.016422271728515625e-01
1.083233475685119629e+00
6.866537928581237793e-01
5.590326189994812012e-01
1.577849984169006348e+00
6.785723567008972168e-01
7.697150707244873047e-01
6.443595290184020996e-01
6.133297681808471680e-01
6.166508197784423828e-01
6.889206767082214355e-01
8.271755576133728027e-01
7.115283608436584473e-01
8.285020589828491211e-01
1.189542293548583984e+00
7.290656566619873047e-01
7.881616353988647461e-01
8.637360334396362305e-01
1.003374099731445312e+00
1.244206070899963379e+00
8.678601980209350586e-01
9.053114652633666992e-01
6.252717971801757812e-01
8.653783202171325684e-01
1.350162982940673828e+00
7.969887256622314453e-01
7.864081859588623047e-01
1.034075498580932617e+00
8.581688404083251953e-01
9.501271247863769531e-01
5.874929428100585938e-01
7.133558392524719238e-01
9.933016300201416016e-01
1.301340699195861816e+00
1.068170785903930664e+00
7.478838562965393066e-01
7.755576968193054199e-01
7.658653855323791504e-01
8.918919563293457031e-01
1.223440766334533691e+00
7.862636446952819824e-01
8.786234855651855469e-01
5.947957038879394531e-01
4.938694834709167480e-01
5.890976786613464355e-01
7.708371877670288086e-01
7.799404859542846680e-01
7.085641622543334961e-01
8.685569763183593750e-01
7.391884922981262207e-01
7.141599059104919434e-01
1.133054733276367188e+00
6.754859685897827148e-01
1.228787422180175781e+00
7.932922840118408203e-01
9.436868429183959961e-01
7.821206450462341309e-01
9.741346836090087891e-01
4.342209100723266602e-01
7.496817708015441895e-01
7.767338156700134277e-01
8.211340904235839844e-01
7.261335849761962891e-01
8.281396627426147461e-01
7.921063303947448730e-01
7.461291551589965820e-01
7.502970099449157715e-01
9.055700302124023438e-01
7.064249515533447266e-01
6.974868178367614746e-01
9.359478950500488281e-01
7.119221091270446777e-01
7.170978188514709473e-01
5.921233892440795898e-01
7.630638480186462402e-01
6.339606642723083496e-01
7.665866017341613770e-01
5.620616674423217773e-01
6.744920611381530762e-01
8.152135610580444336e-01
6.839870214462280273e-01
1.320847272872924805e+00
1.066669702529907227e+00
8.750845193862915039e-01
8.537297248840332031e-01
1.027115106582641602e+00
8.410768508911132812e-01
9.887638688087463379e-01
9.655890464782714844e-01
8.358517885208129883e-01
1.043341636657714844e+00
5.784581303596496582e-01
8.120762705802917480e-01
8.354687690734863281e-01
1.117266774177551270e+00
7.820582985877990723e-01
7.834534049034118652e-01
4.099598228931427002e-01
9.499885439872741699e-01
7.914376258850097656e-01
1.016651749610900879e+00
6.021938323974609375e-01
9.949264526367187500e-01
8.224078416824340820e-01
1.361403703689575195e+00
8.015968203544616699e-01
5.915209054946899414e-01
5.024644136428833008e-01
