5.609766840934753418e-01
7.954499721527099609e-01
8.303555846214294434e-01
4.987316131591796875e-01
3.099030256271362305e-01
3.966971039772033691e-01
7.410302758216857910e-01
5.985561609268188477e-01
5.278612971305847168e-01
3.099030256271362305e-01
7.324749231338500977e-01
3.099030256271362305e-01
3.099030256271362305e-01
2.367698848247528076e-01
7.324749231338500977e-01
3.099030256271362305e-01
8.216516375541687012e-01
2.367698848247528076e-01
3.099030256271362305e-01
3.099030256271362305e-01
6.628562211990356445e-01
3.099030256271362305e-01
0.000000000000000000e+00
3.099030256271362305e-01
7.867945432662963867e-01
9.383159875869750977e-02
3.099030256271362305e-01
8.762717247009277344e-01
5.985561609268188477e-01
3.099030256271362305e-01
3.099030256271362305e-01
2.244243919849395752e-01
8.116731643676757812e-01
8.116731643676757812e-01
9.402165412902832031e-01
6.539618968963623047e-02
3.099030256271362305e-01
3.099030256271362305e-01
3.302212357521057129e-01
9.275713562965393066e-01
3.099030256271362305e-01
9.275713562965393066e-01
3.099030256271362305e-01
1.979339420795440674e-01
3.099030256271362305e-01
8.703588247299194336e-01
8.762717247009277344e-01
6.896418929100036621e-01
6.223585009574890137e-01
3.099030256271362305e-01
2.367698848247528076e-01
8.116731643676757812e-01
4.987316131591796875e-01
5.985561609268188477e-01
1.025271773338317871e+00
3.099030256271362305e-01
3.099030256271362305e-01
2.128819525241851807e-01
3.099030256271362305e-01
3.675729036331176758e-02
3.224536180496215820e-01
6.146921515464782715e-01
8.703588247299194336e-01
3.099030256271362305e-01
7.324749231338500977e-01
5.535848736763000488e-01
3.675729036331176758e-02
9.787150621414184570e-01
1.838969886302947998e-01
3.099030256271362305e-01
3.099030256271362305e-01
5.620701909065246582e-01
3.099030256271362305e-01
3.302212357521057129e-01
7.949599623680114746e-01
9.568476676940917969e-01
8.116731643676757812e-01
3.099030256271362305e-01
5.620701909065246582e-01
9.383159875869750977e-02
3.226617574691772461e-01
3.099030256271362305e-01
3.099030256271362305e-01
3.099030256271362305e-01
3.099030256271362305e-01
3.675729036331176758e-02
1.128707051277160645e+00
3.274529874324798584e-01
5.268769860267639160e-01
8.594589829444885254e-01
9.938002824783325195e-01
3.966971039772033691e-01
8.116731643676757812e-01
7.324749231338500977e-01
1.513772130012512207e+00
5.268769860267639160e-01
3.958003222942352295e-01
2.865842282772064209e-01
4.128240942955017090e-01
5.620701909065246582e-01
7.324749231338500977e-01
9.402165412902832031e-01
5.268769860267639160e-01
1.048969268798828125e+00
9.287176728248596191e-01
1.835455894470214844e+00
1.012220621109008789e+00
8.567675352096557617e-01
1.588924050331115723e+00
1.029671192169189453e+00
1.056054592132568359e+00
1.433831572532653809e+00
9.024230241775512695e-01
9.467731118202209473e-01
5.268769860267639160e-01
2.019499242305755615e-01
6.559885740280151367e-01
1.269927382469177246e+00
1.751334965229034424e-01
7.525943517684936523e-01
1.069006443023681641e+00
6.054443120956420898e-01
1.356242418289184570e+00
1.029362440109252930e+00
6.138033866882324219e-01
0.000000000000000000e+00
3.966971039772033691e-01
1.358430385589599609e+00
6.438009142875671387e-01
1.528393626213073730e+00
5.539342164993286133e-01
3.966971039772033691e-01
6.846833229064941406e-01
3.301902413368225098e-01
5.539342164993286133e-01
6.308505535125732422e-01
3.954789638519287109e-01
1.343988478183746338e-01
1.151539683341979980e+00
1.329935789108276367e+00
1.425195574760437012e+00
7.336508035659790039e-01
1.091709494590759277e+00
7.878955006599426270e-01
1.088576555252075195e+00
1.027473211288452148e+00
1.198959827423095703e+00
3.675729036331176758e-02
1.235539197921752930e+00
1.265463590621948242e+00
8.715279102325439453e-01
9.957666397094726562e-01
9.402165412902832031e-01
3.302212357521057129e-01
6.896418929100036621e-01
1.054918169975280762e+00
1.191753745079040527e+00
6.791877150535583496e-01
1.366479277610778809e+00
5.268769860267639160e-01
9.520422220230102539e-01
7.691179513931274414e-01
1.780214309692382812e+00
1.369323253631591797e+00
1.433594226837158203e+00
1.285892963409423828e+00
1.164293289184570312e+00
1.544887781143188477e+00
1.380907177925109863e+00
1.047482013702392578e+00
1.648121714591979980e+00
9.618667364120483398e-01
9.916828870773315430e-01
1.267386674880981445e+00
1.021343231201171875e+00
0.000000000000000000e+00
1.930736303329467773e-01
9.383159875869750977e-02
1.044384002685546875e+00
3.031101524829864502e-01
3.675729036331176758e-02
7.424304485321044922e-01
9.383159875869750977e-02
4.830282926559448242e-01
2.261992394924163818e-01
1.531618833541870117e+00
1.531618833541870117e+00
3.675729036331176758e-02
9.383159875869750977e-02
2.975941598415374756e-01
9.383159875869750977e-02
3.675729036331176758e-02
3.446869850158691406e-01
5.268769860267639160e-01
3.548993468284606934e-01
1.051897287368774414e+00
0.000000000000000000e+00
0.000000000000000000e+00
1.668967306613922119e-01
1.131078004837036133e+00
8.523702025413513184e-01
0.000000000000000000e+00
8.500646352767944336e-01
7.233523130416870117e-01
1.329612851142883301e+00
9.383159875869750977e-02
9.383159875869750977e-02
1.276341915130615234e+00
1.208761215209960938e+00
1.408690929412841797e+00
5.620701909065246582e-01
1.125263929367065430e+00
9.264726042747497559e-01
1.012181162834167480e+00
4.992595314979553223e-01
1.084959506988525391e+00
8.837022781372070312e-01
6.243687868118286133e-01
8.466115593910217285e-01
5.730706453323364258e-01
5.730706453323364258e-01
1.004131317138671875e+00
5.730706453323364258e-01
1.057110190391540527e+00
5.139572024345397949e-01
6.196690201759338379e-01
1.057134151458740234e+00
9.780195951461791992e-01
7.012983560562133789e-01
1.055846214294433594e+00
5.325254201889038086e-01
9.914258122444152832e-01
8.540357351303100586e-01
1.130973219871520996e+00
1.064325094223022461e+00
6.035750508308410645e-01
1.114516019821166992e+00
7.656691670417785645e-01
9.888174533843994141e-01
1.083179235458374023e+00
9.942749738693237305e-01
6.479203701019287109e-02
5.268769860267639160e-01
1.007025837898254395e+00
1.004128813743591309e+00
1.674339532852172852e+00
9.134102463722229004e-01
7.116565704345703125e-01
9.315232038497924805e-01
9.512166976928710938e-01
7.236120104789733887e-01
8.645983338356018066e-01
8.250391483306884766e-01
8.863760828971862793e-01
8.945273160934448242e-01
4.987316131591796875e-01
9.096655249595642090e-01
7.632471919059753418e-01
9.570888280868530273e-01
1.093127608299255371e+00
7.995789647102355957e-01
9.383159875869750977e-02
7.727032899856567383e-01
1.260084390640258789e+00
1.006229639053344727e+00
1.101920008659362793e+00
9.188959002494812012e-01
4.987316131591796875e-01
7.204596400260925293e-01
7.344201803207397461e-01
1.357906818389892578e+00
1.109491348266601562e+00
1.135211229324340820e+00
1.284060716629028320e+00
8.139393329620361328e-01
1.016335487365722656e+00
6.198375225067138672e-01
4.987316131591796875e-01
2.843401134014129639e-01
2.843401134014129639e-01
1.138588070869445801e+00
1.227840542793273926e+00
1.766920566558837891e+00
1.018815398216247559e+00
1.293051481246948242e+00
1.255197048187255859e+00
1.286324501037597656e+00
9.670841693878173828e-01
6.395857930183410645e-01
1.292927265167236328e+00
8.316931724548339844e-01
7.748062610626220703e-01
1.147826194763183594e+00
1.256133079528808594e+00
1.098935127258300781e+00
9.756692051887512207e-01
1.100003957748413086e+00
3.296420872211456299e-01
8.080531358718872070e-01
3.675729036331176758e-02
2.273175120353698730e-01
8.842656612396240234e-01
1.009117364883422852e+00
9.225534200668334961e-01
9.089809060096740723e-01
9.822212457656860352e-01
1.234833598136901855e+00
1.134660124778747559e+00
1.210936546325683594e+00
1.134660124778747559e+00
7.180384397506713867e-01
6.766269207000732422e-01
9.269807934761047363e-01
1.008989810943603516e+00
9.843711853027343750e-01
1.168159723281860352e+00
7.968329787254333496e-01
4.920341968536376953e-01
3.675729036331176758e-02
6.114599108695983887e-01
9.715880155563354492e-01
1.170202970504760742e+00
6.114599108695983887e-01
1.026263952255249023e+00
1.282458782196044922e+00
3.675729036331176758e-02
1.159972906112670898e+00
1.076137185096740723e+00
9.695146083831787109e-01
6.931775808334350586e-01
8.373616933822631836e-01
8.911443948745727539e-01
8.513025045394897461e-01
8.162607550621032715e-01
1.073285341262817383e+00
7.233583927154541016e-01
1.076093554496765137e+00
1.030594110488891602e+00
1.031558990478515625e+00
9.029827713966369629e-01
1.495779275894165039e+00
1.165183663368225098e+00
7.139292359352111816e-01
9.365061521530151367e-01
9.546034336090087891e-01
8.954519033432006836e-01
1.282240271568298340e+00
8.917837142944335938e-01
8.566216826438903809e-01
6.325134038925170898e-01
1.069281339645385742e+00
9.006012678146362305e-01
1.113298892974853516e+00
8.880347013473510742e-01
8.820105791091918945e-01
9.301079511642456055e-01
6.452847123146057129e-01
1.073285341262817383e+00
6.784158945083618164e-01
8.840706944465637207e-01
1.026060342788696289e+00
1.249041318893432617e+00
8.322950005531311035e-01
9.804152250289916992e-01
9.437307119369506836e-01
9.037142992019653320e-01
9.322839379310607910e-01
1.067261099815368652e+00
9.177048206329345703e-01
9.546252489089965820e-01
1.048664689064025879e+00
9.582417607307434082e-01
1.060125589370727539e+00
1.121985912322998047e+00
1.331661224365234375e+00
1.129203081130981445e+00
1.169934391975402832e+00
1.132247090339660645e+00
1.207164406776428223e+00
1.063158512115478516e+00
1.177010536193847656e+00
1.402423381805419922e+00
9.375010728836059570e-01
1.014965534210205078e+00
6.790509819984436035e-01
7.202538251876831055e-01
1.284487247467041016e+00
1.257675886154174805e+00
1.264489054679870605e+00
1.284487247467041016e+00
1.348792314529418945e+00
9.347110986709594727e-01
6.648484468460083008e-01
6.677749752998352051e-01
7.367928028106689453e-01
7.985466718673706055e-01
1.627373337745666504e+00
9.275548458099365234e-01
1.328265666961669922e+00
8.810762763023376465e-01
9.071903228759765625e-01
1.169071555137634277e+00
1.215882420539855957e+00
8.698993921279907227e-01
1.153599262237548828e+00
9.250662922859191895e-01
1.199681282043457031e+00
1.000416994094848633e+00
1.530354142189025879e+00
1.053583145141601562e+00
1.202718019485473633e+00
1.120990753173828125e+00
1.059552192687988281e+00
8.338280916213989258e-01
9.058229923248291016e-01
8.217796683311462402e-01
1.051596045494079590e+00
9.785469770431518555e-01
9.932169914245605469e-01
1.039833307266235352e+00
1.278148651123046875e+00
9.566206336021423340e-01
1.347166180610656738e+00
1.099698781967163086e+00
1.089030981063842773e+00
1.200767040252685547e+00
8.728773593902587891e-01
9.714509248733520508e-01
8.848502635955810547e-01
9.646537899971008301e-01
9.557785987854003906e-01
1.085605382919311523e+00
1.066369056701660156e+00
9.554438591003417969e-01
9.027240276336669922e-01
8.646390438079833984e-01
9.456478357315063477e-01
9.920090436935424805e-01
1.320625066757202148e+00
9.067330360412597656e-01
1.157092094421386719e+00
8.986021876335144043e-01
1.318984508514404297e+00
9.721978306770324707e-01
1.053904414176940918e+00
1.436301708221435547e+00
1.041224598884582520e+00
8.740744590759277344e-01
1.575915932655334473e+00
1.113707423210144043e+00
1.048438191413879395e+00
9.240009784698486328e-01
6.689808964729309082e-01
6.526726484298706055e-01
7.599022984504699707e-01
9.318646192550659180e-01
1.045798897743225098e+00
9.181030988693237305e-01
6.776502132415771484e-01
1.036645531654357910e+00
1.132028222084045410e+00
7.144422531127929688e-01
6.847596168518066406e-01
1.329277992248535156e+00
1.193315744400024414e+00
1.074635148048400879e+00
8.391335010528564453e-01
9.579784870147705078e-01
9.749249815940856934e-01
9.719501733779907227e-01
1.049638628959655762e+00
9.160864353179931641e-01
9.595102071762084961e-01
9.700665473937988281e-01
9.284647703170776367e-01
7.988855838775634766e-01
1.021504402160644531e+00
1.111692190170288086e+00
8.778415322303771973e-01
8.717543482780456543e-01
1.056734561920166016e+00
1.107938289642333984e+00
1.016934514045715332e+00
8.857454061508178711e-01
1.049910068511962891e+00
1.097226619720458984e+00
9.795234799385070801e-01
1.072935581207275391e+00
1.253188610076904297e+00
1.083495259284973145e+00
1.060373306274414062e+00
1.196501374244689941e+00
9.771286249160766602e-01
1.510744333267211914e+00
1.163350343704223633e+00
1.371418952941894531e+00
9.384201765060424805e-01
9.953445792198181152e-01
1.298783540725708008e+00
8.649592399597167969e-01
1.298783540725708008e+00
9.124377965927124023e-01
1.001924633979797363e+00
8.302047252655029297e-01
1.371739149093627930e+00
1.237768650054931641e+00
1.080699563026428223e+00
1.316051244735717773e+00
1.162808895111083984e+00
1.125387191772460938e+00
1.425973653793334961e+00
1.269392967224121094e+00
1.576005339622497559e+00
1.431681632995605469e+00
1.000504970550537109e+00
1.484911441802978516e+00
1.145070075988769531e+00
1.273020505905151367e+00
1.543792724609375000e+00
1.224284052848815918e+00
9.227275848388671875e-01
1.260912895202636719e+00
1.407978177070617676e+00
1.337462902069091797e+00
1.351909637451171875e+00
1.407978177070617676e+00
1.300867676734924316e+00
7.611185312271118164e-01
7.488062977790832520e-01
8.975617885589599609e-01
1.509603977203369141e+00
1.253059148788452148e+00
8.269630670547485352e-01
1.199895381927490234e+00
1.105784893035888672e+00
1.196655988693237305e+00
1.031219005584716797e+00
1.164897799491882324e+00
7.723987698554992676e-01
7.762377262115478516e-01
7.383537292480468750e-01
1.073564171791076660e+00
1.201444268226623535e+00
9.897332191467285156e-01
1.031090259552001953e+00
1.164498090744018555e+00
1.115271806716918945e+00
1.137554883956909180e+00
1.506318688392639160e+00
9.406668543815612793e-01
1.236628651618957520e+00
1.106697797775268555e+00
1.295369625091552734e+00
1.615915417671203613e+00
1.102125525474548340e+00
1.671162724494934082e+00
1.466140985488891602e+00
1.784760355949401855e+00
1.632879853248596191e+00
1.444535017013549805e+00
1.263499379158020020e+00
1.042766451835632324e+00
1.071388959884643555e+00
1.354254007339477539e+00
1.385360479354858398e+00
1.172286987304687500e+00
1.167787313461303711e+00
9.501892328262329102e-01
1.634216785430908203e+00
1.418013811111450195e+00
1.540636301040649414e+00
1.229992389678955078e+00
1.296127319335937500e+00
1.368858098983764648e+00
1.113843202590942383e+00
1.359126925468444824e+00
1.263749122619628906e+00
1.354392409324645996e+00
1.383387565612792969e+00
1.404286146163940430e+00
1.385360479354858398e+00
1.527885913848876953e+00
1.611440181732177734e+00
1.348726630210876465e+00
1.480474829673767090e+00
1.527885913848876953e+00
1.498128175735473633e+00
1.490711808204650879e+00
1.211975812911987305e+00
1.590981721878051758e+00
1.490711808204650879e+00
1.707342147827148438e+00
1.112816095352172852e+00
1.501285552978515625e+00
1.827368617057800293e+00
1.242916822433471680e+00
1.546373009681701660e+00
1.921100974082946777e+00
1.365626692771911621e+00
1.490711808204650879e+00
1.588792800903320312e+00
1.591512322425842285e+00
1.637199044227600098e+00
1.557913780212402344e+00
1.597474694252014160e+00
1.681305646896362305e+00
1.436527132987976074e+00
1.623857975006103516e+00
1.688776731491088867e+00
1.542843103408813477e+00
1.488493561744689941e+00
1.686773538589477539e+00
1.869237661361694336e+00
1.252817869186401367e+00
1.376089334487915039e+00
1.881644129753112793e+00
1.546286582946777344e+00
1.490711808204650879e+00
1.500655889511108398e+00
1.490711808204650879e+00
1.490711808204650879e+00
1.786467552185058594e+00
1.260415315628051758e+00
1.235500335693359375e+00
1.674461483955383301e+00
1.592239856719970703e+00
1.719278812408447266e+00
1.486344337463378906e+00
1.160344839096069336e+00
1.501390933990478516e+00
1.401855707168579102e+00
1.428272485733032227e+00
1.447835206985473633e+00
1.697207212448120117e+00
1.336881160736083984e+00
1.041181802749633789e+00
1.063748121261596680e+00
1.311373472213745117e+00
1.292802572250366211e+00
1.399304270744323730e+00
1.732828497886657715e+00
1.297456383705139160e+00
1.404923915863037109e+00
1.347535252571105957e+00
1.564391374588012695e+00
1.672502279281616211e+00
1.496079206466674805e+00
1.399304270744323730e+00
1.553711652755737305e+00
1.505964517593383789e+00
1.702056646347045898e+00
1.310739278793334961e+00
1.320023059844970703e+00
1.359742760658264160e+00
1.648121714591979980e+00
1.501546382904052734e+00
1.469196915626525879e+00
1.627328753471374512e+00
1.508626461029052734e+00
1.366129159927368164e+00
1.556340456008911133e+00
1.489841222763061523e+00
1.655610680580139160e+00
1.604038596153259277e+00
1.347947359085083008e+00
1.543095588684082031e+00
1.536247730255126953e+00
1.556340456008911133e+00
1.648121714591979980e+00
1.562132596969604492e+00
1.694745182991027832e+00
1.551067590713500977e+00
1.570045709609985352e+00
1.648121714591979980e+00
1.222985744476318359e+00
1.575048685073852539e+00
1.219906449317932129e+00
1.452084064483642578e+00
1.568101286888122559e+00
1.512546300888061523e+00
1.648121714591979980e+00
1.648121714591979980e+00
1.648121714591979980e+00
1.648121714591979980e+00
1.659272670745849609e+00
1.656545639038085938e+00
1.377630114555358887e+00
1.435879945755004883e+00
1.648121714591979980e+00
1.454580545425415039e+00
1.424345016479492188e+00
1.648121714591979980e+00
1.605924725532531738e+00
1.638631820678710938e+00
1.181454300880432129e+00
1.145517587661743164e+00
1.694745182991027832e+00
1.648121714591979980e+00
1.689552783966064453e+00
1.508025884628295898e+00
1.489005804061889648e+00
1.455105066299438477e+00
1.648121714591979980e+00
1.587797880172729492e+00
1.648121714591979980e+00
1.359577894210815430e+00
1.648851633071899414e+00
1.513232350349426270e+00
1.648121714591979980e+00
1.648121714591979980e+00
1.251038908958435059e+00
1.566765546798706055e+00
1.646599054336547852e+00
1.648121714591979980e+00
1.479034423828125000e+00
1.648121714591979980e+00
1.512546300888061523e+00
1.494081139564514160e+00
1.399409055709838867e+00
1.535983562469482422e+00
1.648121714591979980e+00
1.688797831535339355e+00
1.562132596969604492e+00
1.566815853118896484e+00
1.648121714591979980e+00
1.648121714591979980e+00
1.579759001731872559e+00
1.587575674057006836e+00
1.531433343887329102e+00
1.490711808204650879e+00
1.524436712265014648e+00
1.485749721527099609e+00
1.490711808204650879e+00
1.453834295272827148e+00
1.593393087387084961e+00
1.475502967834472656e+00
1.418869256973266602e+00
1.094672679901123047e+00
1.490711808204650879e+00
1.474128365516662598e+00
1.397348284721374512e+00
1.566854715347290039e+00
1.365626692771911621e+00
1.513296008110046387e+00
1.490711808204650879e+00
1.256621956825256348e+00
1.383387565612792969e+00
1.325191736221313477e+00
1.687530636787414551e+00
1.416329860687255859e+00
1.531404256820678711e+00
1.562141656875610352e+00
1.502764463424682617e+00
1.386855244636535645e+00
1.531404256820678711e+00
1.392264842987060547e+00
1.486411809921264648e+00
1.490711808204650879e+00
1.486411809921264648e+00
1.543692827224731445e+00
1.367778778076171875e+00
1.502764463424682617e+00
1.655900955200195312e+00
1.420305252075195312e+00
1.590445041656494141e+00
1.212613582611083984e+00
1.457312345504760742e+00
1.217577219009399414e+00
1.743477106094360352e+00
1.442341089248657227e+00
1.604381680488586426e+00
1.448993444442749023e+00
1.557113766670227051e+00
1.516117572784423828e+00
1.532106637954711914e+00
1.434360980987548828e+00
1.418838143348693848e+00
1.440766215324401855e+00
1.549281120300292969e+00
1.454484224319458008e+00
1.378206133842468262e+00
1.604381680488586426e+00
1.604381680488586426e+00
1.457775473594665527e+00
1.502764463424682617e+00
1.406774997711181641e+00
1.567827463150024414e+00
1.404180765151977539e+00
1.631828546524047852e+00
1.542335510253906250e+00
1.604381680488586426e+00
1.473148703575134277e+00
1.743477106094360352e+00
1.581270575523376465e+00
1.743477106094360352e+00
1.534557700157165527e+00
1.783712506294250488e+00
1.485887765884399414e+00
1.460820198059082031e+00
1.221629381179809570e+00
1.622628211975097656e+00
1.714918494224548340e+00
1.484062433242797852e+00
1.550245523452758789e+00
1.490711808204650879e+00
1.583070993423461914e+00
1.629611611366271973e+00
1.960896968841552734e+00
1.486411809921264648e+00
1.503036975860595703e+00
1.416504383087158203e+00
1.485887765884399414e+00
1.884256720542907715e+00
1.926826953887939453e+00
1.865000605583190918e+00
1.583070993423461914e+00
1.513562202453613281e+00
1.370804786682128906e+00
1.876642584800720215e+00
1.432200908660888672e+00
1.328348278999328613e+00
1.427394509315490723e+00
1.747510313987731934e+00
1.774247288703918457e+00
1.650364995002746582e+00
1.565956115722656250e+00
1.654913783073425293e+00
1.637678980827331543e+00
1.619837641716003418e+00
1.289323329925537109e+00
1.270894527435302734e+00
1.499003171920776367e+00
1.674146652221679688e+00
1.388536930084228516e+00
1.398658633232116699e+00
1.652307391166687012e+00
1.642309546470642090e+00
1.138048887252807617e+00
1.502764463424682617e+00
1.569974780082702637e+00
1.363081693649291992e+00
1.818505525588989258e+00
1.309341907501220703e+00
1.486411809921264648e+00
1.795189499855041504e+00
1.547530174255371094e+00
1.651929378509521484e+00
1.835321545600891113e+00
1.717962741851806641e+00
1.841149926185607910e+00
1.788980841636657715e+00
1.775275707244873047e+00
1.480507850646972656e+00
1.521035194396972656e+00
1.825016498565673828e+00
1.812744617462158203e+00
1.623726010322570801e+00
1.548640966415405273e+00
1.406940698623657227e+00
1.420369863510131836e+00
1.817883729934692383e+00
1.883524298667907715e+00
1.504607796669006348e+00
1.467715382575988770e+00
1.926395773887634277e+00
1.527197360992431641e+00
1.375823497772216797e+00
1.707646489143371582e+00
1.431471347808837891e+00
1.627029657363891602e+00
1.750527501106262207e+00
1.141029477119445801e+00
1.367560744285583496e+00
1.350164175033569336e+00
1.447168827056884766e+00
1.648223638534545898e+00
1.404337644577026367e+00
1.458333969116210938e+00
1.617287874221801758e+00
1.608498692512512207e+00
1.556512832641601562e+00
1.629826188087463379e+00
1.203217267990112305e+00
1.654736399650573730e+00
1.298290729522705078e+00
1.569110989570617676e+00
1.490511178970336914e+00
1.083991646766662598e+00
1.223877191543579102e+00
1.007189273834228516e+00
1.480556488037109375e+00
1.614415526390075684e+00
1.578674316406250000e+00
1.068637013435363770e+00
1.560287714004516602e+00
1.383047819137573242e+00
1.784462094306945801e+00
1.586303234100341797e+00
1.807501196861267090e+00
1.617287874221801758e+00
1.544207692146301270e+00
1.613031029701232910e+00
1.490296363830566406e+00
1.556565046310424805e+00
1.502925395965576172e+00
1.528253436088562012e+00
1.172588706016540527e+00
1.551358222961425781e+00
1.611682176589965820e+00
1.678729534149169922e+00
1.619097232818603516e+00
1.027970552444458008e+00
1.686897516250610352e+00
1.553387641906738281e+00
1.506049990653991699e+00
1.060838222503662109e+00
1.279619574546813965e+00
1.629519820213317871e+00
1.618333697319030762e+00
1.697784066200256348e+00
1.307835698127746582e+00
1.313330888748168945e+00
1.471607923507690430e+00
1.665734887123107910e+00
1.589808702468872070e+00
1.521692514419555664e+00
1.491471648216247559e+00
1.205877780914306641e+00
1.698224782943725586e+00
1.617287874221801758e+00
1.617287874221801758e+00
1.238460421562194824e+00
1.711454629898071289e+00
1.734151124954223633e+00
1.720414280891418457e+00
1.717942476272583008e+00
1.646571397781372070e+00
1.789255619049072266e+00
1.468109726905822754e+00
1.533804774284362793e+00
1.617287874221801758e+00
1.729311108589172363e+00
1.634207010269165039e+00
1.475514411926269531e+00
1.460767984390258789e+00
1.088142275810241699e+00
1.572317361831665039e+00
1.789255619049072266e+00
7.634843587875366211e-01
1.466808557510375977e+00
1.508471012115478516e+00
1.784691333770751953e+00
1.173368930816650391e+00
1.679698109626770020e+00
1.485450744628906250e+00
1.679698109626770020e+00
1.512293100357055664e+00
1.474978446960449219e+00
1.597888588905334473e+00
1.633099317550659180e+00
1.570495605468750000e+00
1.489987134933471680e+00
1.187011241912841797e+00
1.599420309066772461e+00
1.307736396789550781e+00
1.327967047691345215e+00
1.679698109626770020e+00
1.714625477790832520e+00
1.059402346611022949e+00
1.627799630165100098e+00
1.367037534713745117e+00
1.629881858825683594e+00
1.637207984924316406e+00
1.499124288558959961e+00
1.756033658981323242e+00
1.582216739654541016e+00
1.640147924423217773e+00
1.589808702468872070e+00
1.589808702468872070e+00
1.694679498672485352e+00
1.779947876930236816e+00
1.482599139213562012e+00
1.627812266349792480e+00
1.670072674751281738e+00
1.629635691642761230e+00
1.768098831176757812e+00
1.711574554443359375e+00
1.402247667312622070e+00
1.768098831176757812e+00
1.879304885864257812e+00
1.745089530944824219e+00
1.768098831176757812e+00
1.601340889930725098e+00
1.093488693237304688e+00
1.617287874221801758e+00
1.656349897384643555e+00
1.658218622207641602e+00
1.633782505989074707e+00
1.672967910766601562e+00
1.195256710052490234e+00
1.101663351058959961e+00
1.643403410911560059e+00
1.688617348670959473e+00
1.729311108589172363e+00
1.724173188209533691e+00
1.559375047683715820e+00
1.962066173553466797e+00
1.398504137992858887e+00
1.344303846359252930e+00
1.734668612480163574e+00
1.626900315284729004e+00
1.300741672515869141e+00
1.641612648963928223e+00
1.686764955520629883e+00
1.511134147644042969e+00
1.631138682365417480e+00
1.807501196861267090e+00
1.127000808715820312e+00
1.713826894760131836e+00
1.709053039550781250e+00
1.734151124954223633e+00
1.438729524612426758e+00
1.713818788528442383e+00
1.314772844314575195e+00
1.930860161781311035e+00
1.713818788528442383e+00
1.421176195144653320e+00
1.565385937690734863e+00
1.699456095695495605e+00
1.727176785469055176e+00
1.545713782310485840e+00
1.656257629394531250e+00
1.382633686065673828e+00
1.707476258277893066e+00
1.768098831176757812e+00
1.721344709396362305e+00
1.374144196510314941e+00
1.679336190223693848e+00
1.715723633766174316e+00
1.543169736862182617e+00
1.686257004737854004e+00
1.637525200843811035e+00
1.715723633766174316e+00
1.710983276367187500e+00
1.611204743385314941e+00
1.878197431564331055e+00
1.600929737091064453e+00
1.723264932632446289e+00
1.772944450378417969e+00
1.739971756935119629e+00
1.529891371726989746e+00
1.760865449905395508e+00
1.696564197540283203e+00
1.382633686065673828e+00
1.626270413398742676e+00
1.807501196861267090e+00
1.425631165504455566e+00
1.002205371856689453e+00
1.760865449905395508e+00
1.695796132087707520e+00
1.717942476272583008e+00
1.682063937187194824e+00
1.892363548278808594e+00
1.760865449905395508e+00
1.807501196861267090e+00
1.721815705299377441e+00
1.641336798667907715e+00
1.736203551292419434e+00
1.616718649864196777e+00
1.797928929328918457e+00
1.664493322372436523e+00
1.887696266174316406e+00
1.682409405708312988e+00
1.811283230781555176e+00
1.916069746017456055e+00
1.597133398056030273e+00
1.491895437240600586e+00
1.590792417526245117e+00
1.553457975387573242e+00
1.807501196861267090e+00
1.835774064064025879e+00
1.455782413482666016e+00
1.675221323966979980e+00
1.681222796440124512e+00
1.312511444091796875e+00
1.774306058883666992e+00
1.765967965126037598e+00
1.807501196861267090e+00
1.393295288085937500e+00
1.819598436355590820e+00
1.670786976814270020e+00
1.753688097000122070e+00
1.762627959251403809e+00
1.407416820526123047e+00
1.441883802413940430e+00
1.557961702346801758e+00
1.475252866744995117e+00
1.635985374450683594e+00
1.309098839759826660e+00
1.734151124954223633e+00
1.553457975387573242e+00
1.715392947196960449e+00
1.868380427360534668e+00
1.576992273330688477e+00
1.768098831176757812e+00
1.807501196861267090e+00
1.840376019477844238e+00
1.722670078277587891e+00
1.690286517143249512e+00
1.662936329841613770e+00
1.810246229171752930e+00
1.644358038902282715e+00
1.810246229171752930e+00
1.729311108589172363e+00
1.757179141044616699e+00
1.675516963005065918e+00
1.803093075752258301e+00
1.830653071403503418e+00
1.749593496322631836e+00
1.830653071403503418e+00
1.642653942108154297e+00
1.663486123085021973e+00
1.719402074813842773e+00
1.800932049751281738e+00
1.631192445755004883e+00
1.830653071403503418e+00
1.534697532653808594e+00
1.761420607566833496e+00
1.729311108589172363e+00
1.715392947196960449e+00
1.652906656265258789e+00
1.552274703979492188e+00
1.765988945960998535e+00
1.742033004760742188e+00
1.682694196701049805e+00
1.536272525787353516e+00
1.710983276367187500e+00
1.766281485557556152e+00
1.541199445724487305e+00
1.463201642036437988e+00
1.725688576698303223e+00
1.733759164810180664e+00
1.298105955123901367e+00
1.555906891822814941e+00
1.654348850250244141e+00
1.857087731361389160e+00
1.458664417266845703e+00
1.825837254524230957e+00
1.850021719932556152e+00
1.684944748878479004e+00
1.759765386581420898e+00
1.612796068191528320e+00
1.673742890357971191e+00
1.646941542625427246e+00
1.692457556724548340e+00
1.798203587532043457e+00
1.801884531974792480e+00
1.743352293968200684e+00
1.603617429733276367e+00
1.810647249221801758e+00
1.708962678909301758e+00
1.514940381050109863e+00
1.677771568298339844e+00
1.685548782348632812e+00
1.716370105743408203e+00
1.775881290435791016e+00
1.629715800285339355e+00
1.561085939407348633e+00
1.458274245262145996e+00
1.572254419326782227e+00
1.641193151473999023e+00
1.689626336097717285e+00
1.691088438034057617e+00
1.843627214431762695e+00
1.748060822486877441e+00
1.775844931602478027e+00
1.741938352584838867e+00
2.007661581039428711e+00
1.742821693420410156e+00
2.021873950958251953e+00
2.007661581039428711e+00
1.629904866218566895e+00
1.840376019477844238e+00
1.645116209983825684e+00
1.711143136024475098e+00
1.840376019477844238e+00
1.810323238372802734e+00
1.669098615646362305e+00
1.677791118621826172e+00
1.654221057891845703e+00
1.710200905799865723e+00
1.487002134323120117e+00
1.776605248451232910e+00
1.851752638816833496e+00
1.808394312858581543e+00
1.615734219551086426e+00
1.833563446998596191e+00
1.609018445014953613e+00
1.684378623962402344e+00
1.671357750892639160e+00
1.926164984703063965e+00
1.743352293968200684e+00
1.837975144386291504e+00
1.683218598365783691e+00
1.816969513893127441e+00
1.874570012092590332e+00
1.766594409942626953e+00
1.719007968902587891e+00
1.809465050697326660e+00
1.872241616249084473e+00
1.716854214668273926e+00
1.823557853698730469e+00
1.818302512168884277e+00
1.745091557502746582e+00
1.803954005241394043e+00
1.606978774070739746e+00
1.736392259597778320e+00
1.872241616249084473e+00
1.749423265457153320e+00
1.691132187843322754e+00
1.681715369224548340e+00
1.763204455375671387e+00
1.823557853698730469e+00
1.808484196662902832e+00
1.773061156272888184e+00
1.452887058258056641e+00
1.798686981201171875e+00
1.752916574478149414e+00
1.509716272354125977e+00
1.617576956748962402e+00
1.667555332183837891e+00
1.801483035087585449e+00
1.725828289985656738e+00
1.602666020393371582e+00
1.866647124290466309e+00
1.764706254005432129e+00
1.791237115859985352e+00
1.690150141716003418e+00
1.567517995834350586e+00
1.641847848892211914e+00
1.681520819664001465e+00
1.725688576698303223e+00
1.766594409942626953e+00
1.690150141716003418e+00
1.146426200866699219e+00
1.760551571846008301e+00
1.673843145370483398e+00
1.708619952201843262e+00
1.805033445358276367e+00
1.816049218177795410e+00
1.690150141716003418e+00
1.895564675331115723e+00
1.483272075653076172e+00
1.675626397132873535e+00
1.888193964958190918e+00
1.739718556404113770e+00
1.550586104393005371e+00
1.745091557502746582e+00
1.755128145217895508e+00
1.691132187843322754e+00
1.435288906097412109e+00
1.691132187843322754e+00
1.740649819374084473e+00
1.726091027259826660e+00
1.588629722595214844e+00
1.668602228164672852e+00
1.895564675331115723e+00
1.640449166297912598e+00
1.751757860183715820e+00
1.782360672950744629e+00
1.652120232582092285e+00
1.723977565765380859e+00
1.832929134368896484e+00
1.864418625831604004e+00
1.826454758644104004e+00
1.691132187843322754e+00
1.742317557334899902e+00
1.608441591262817383e+00
1.622443437576293945e+00
1.750382423400878906e+00
1.757353186607360840e+00
1.672062039375305176e+00
1.849205493927001953e+00
1.821842432022094727e+00
1.775844931602478027e+00
1.818527221679687500e+00
1.858289480209350586e+00
1.862748265266418457e+00
1.856871008872985840e+00
1.858289480209350586e+00
1.634892463684082031e+00
1.640449166297912598e+00
1.838292837142944336e+00
1.724099874496459961e+00
1.825347304344177246e+00
1.828411221504211426e+00
1.653057098388671875e+00
1.819945931434631348e+00
1.695373296737670898e+00
1.840579152107238770e+00
1.758744478225708008e+00
1.830135822296142578e+00
1.617375135421752930e+00
1.808425784111022949e+00
1.646286129951477051e+00
1.834061622619628906e+00
1.865702629089355469e+00
1.767854809761047363e+00
1.672053337097167969e+00
1.691132187843322754e+00
1.540358543395996094e+00
1.749423265457153320e+00
1.653469085693359375e+00
1.880381345748901367e+00
1.862748265266418457e+00
1.853448748588562012e+00
1.616405367851257324e+00
1.807437896728515625e+00
1.715358018875122070e+00
1.819198966026306152e+00
1.593886375427246094e+00
1.876420497894287109e+00
1.860749244689941406e+00
1.648087739944458008e+00
1.965148806571960449e+00
1.653680562973022461e+00
1.647727370262145996e+00
1.807017922401428223e+00
1.883129000663757324e+00
1.670180916786193848e+00
1.677094101905822754e+00
1.723658323287963867e+00
1.683639883995056152e+00
1.750413775444030762e+00
1.327915668487548828e+00
1.809730291366577148e+00
1.686860561370849609e+00
1.602865815162658691e+00
1.635341048240661621e+00
1.869274497032165527e+00
1.858289480209350586e+00
1.577720522880554199e+00
1.741841316223144531e+00
1.685263037681579590e+00
1.613939881324768066e+00
1.704076290130615234e+00
1.848662734031677246e+00
1.736834645271301270e+00
1.733667969703674316e+00
1.931375265121459961e+00
1.680065035820007324e+00
1.760777354240417480e+00
1.542198061943054199e+00
1.582096219062805176e+00
1.876083254814147949e+00
1.858289480209350586e+00
2.037001371383666992e+00
1.872798204421997070e+00
1.606802105903625488e+00
1.813072085380554199e+00
1.763186097145080566e+00
1.407663106918334961e+00
1.705587506294250488e+00
1.492506027221679688e+00
1.822657704353332520e+00
1.856674790382385254e+00
1.926187396049499512e+00
1.946120381355285645e+00
1.810323238372802734e+00
1.613425493240356445e+00
1.691507220268249512e+00
1.882331490516662598e+00
1.762062668800354004e+00
1.847399592399597168e+00
1.692852139472961426e+00
1.935448288917541504e+00
1.833215475082397461e+00
1.842089772224426270e+00
1.749374151229858398e+00
1.710031986236572266e+00
1.825510978698730469e+00
1.817834615707397461e+00
1.825621247291564941e+00
1.786526203155517578e+00
1.788257002830505371e+00
1.864423155784606934e+00
1.727013707160949707e+00
1.841197252273559570e+00
1.640146613121032715e+00
1.953849554061889648e+00
2.043739080429077148e+00
1.818041801452636719e+00
1.786526203155517578e+00
1.890605807304382324e+00
1.859255194664001465e+00
2.035725116729736328e+00
1.978368401527404785e+00
1.504344940185546875e+00
1.871106028556823730e+00
1.871627688407897949e+00
1.684785485267639160e+00
1.790929317474365234e+00
1.982951760292053223e+00
1.891643285751342773e+00
2.001722335815429688e+00
1.877694725990295410e+00
1.824153423309326172e+00
1.983098030090332031e+00
1.997828960418701172e+00
1.907325267791748047e+00
1.840073704719543457e+00
1.994165897369384766e+00
2.043739080429077148e+00
1.803232550621032715e+00
1.959094762802124023e+00
1.946120381355285645e+00
1.801379799842834473e+00
1.984215855598449707e+00
1.447697997093200684e+00
1.727812409400939941e+00
2.043739080429077148e+00
1.824185609817504883e+00
1.788516640663146973e+00
2.017800807952880859e+00
2.001722335815429688e+00
1.995381832122802734e+00
1.901062607765197754e+00
1.759052395820617676e+00
2.040381431579589844e+00
1.543690919876098633e+00
1.722491741180419922e+00
1.760077238082885742e+00
1.844708800315856934e+00
1.594532728195190430e+00
1.649761795997619629e+00
1.709112405776977539e+00
1.823557853698730469e+00
1.746958017349243164e+00
1.815530538558959961e+00
1.859084010124206543e+00
1.932643294334411621e+00
1.952568411827087402e+00
1.589010000228881836e+00
1.729989886283874512e+00
1.833197593688964844e+00
1.775119304656982422e+00
1.721928358078002930e+00
1.823557853698730469e+00
1.952568411827087402e+00
1.896255135536193848e+00
1.586414813995361328e+00
1.698052883148193359e+00
1.746869325637817383e+00
1.759795069694519043e+00
1.823557853698730469e+00
1.823557853698730469e+00
1.760551571846008301e+00
1.716026544570922852e+00
1.831240653991699219e+00
1.942489266395568848e+00
1.852081179618835449e+00
1.964918613433837891e+00
1.705749392509460449e+00
2.114559412002563477e+00
1.900313973426818848e+00
1.846153378486633301e+00
2.012724399566650391e+00
1.755058050155639648e+00
1.960896968841552734e+00
1.874570012092590332e+00
1.698552131652832031e+00
1.792971611022949219e+00
1.844432353973388672e+00
1.982088923454284668e+00
1.823557853698730469e+00
1.689190030097961426e+00
1.681596875190734863e+00
1.514847517013549805e+00
2.007661581039428711e+00
1.981227040290832520e+00
1.861483454704284668e+00
1.774202585220336914e+00
1.771652698516845703e+00
1.714524388313293457e+00
1.681715369224548340e+00
1.759302258491516113e+00
1.744693517684936523e+00
1.986699819564819336e+00
1.665975093841552734e+00
1.823557853698730469e+00
1.930943369865417480e+00
1.808339357376098633e+00
1.891800761222839355e+00
1.653033137321472168e+00
1.808165550231933594e+00
1.823557853698730469e+00
1.728348970413208008e+00
1.695675849914550781e+00
1.807776331901550293e+00
1.793950319290161133e+00
1.814276337623596191e+00
1.792971611022949219e+00
1.792971611022949219e+00
1.823557853698730469e+00
1.798106789588928223e+00
1.708877563476562500e+00
1.815530538558959961e+00
1.760484099388122559e+00
1.464546918869018555e+00
1.773134589195251465e+00
1.677178025245666504e+00
1.823557853698730469e+00
1.823557853698730469e+00
1.558165550231933594e+00
1.643081426620483398e+00
1.909495949745178223e+00
1.496726274490356445e+00
1.690523982048034668e+00
1.770394086837768555e+00
1.545678138732910156e+00
1.815530538558959961e+00
1.854719996452331543e+00
1.618019819259643555e+00
1.546484827995300293e+00
1.677341222763061523e+00
1.746958017349243164e+00
1.815530538558959961e+00
1.752802491188049316e+00
1.705476999282836914e+00
1.852947235107421875e+00
1.971298575401306152e+00
1.740278363227844238e+00
1.675883412361145020e+00
1.687326669692993164e+00
1.773134589195251465e+00
1.815380811691284180e+00
1.815530538558959961e+00
1.687688946723937988e+00
1.747915625572204590e+00
1.815530538558959961e+00
1.727757573127746582e+00
1.997828960418701172e+00
1.732224583625793457e+00
1.924502015113830566e+00
1.815530538558959961e+00
1.919654488563537598e+00
1.815530538558959961e+00
1.848372697830200195e+00
1.813141465187072754e+00
1.543132066726684570e+00
1.893937826156616211e+00
1.798917412757873535e+00
1.633752942085266113e+00
1.823557853698730469e+00
1.818527221679687500e+00
1.786029815673828125e+00
1.874570012092590332e+00
1.928927183151245117e+00
1.828094363212585449e+00
1.681715369224548340e+00
1.772707819938659668e+00
1.727072477340698242e+00
1.751473426818847656e+00
1.997514605522155762e+00
1.714000463485717773e+00
1.964253187179565430e+00
1.847813487052917480e+00
1.763943672180175781e+00
1.837124228477478027e+00
2.021611690521240234e+00
1.674006104469299316e+00
2.041163921356201172e+00
1.730438351631164551e+00
1.465538978576660156e+00
1.834095120429992676e+00
1.893708944320678711e+00
1.679060339927673340e+00
1.673007488250732422e+00
1.753816723823547363e+00
1.657084703445434570e+00
1.733095288276672363e+00
1.786547303199768066e+00
1.796398878097534180e+00
1.944287419319152832e+00
1.787648320198059082e+00
1.826289772987365723e+00
1.815530538558959961e+00
1.768716931343078613e+00
1.849894881248474121e+00
1.746869325637817383e+00
1.852947235107421875e+00
1.882103204727172852e+00
1.815530538558959961e+00
1.970245718955993652e+00
1.680945634841918945e+00
1.773155331611633301e+00
1.309041976928710938e+00
1.987775564193725586e+00
1.737931251525878906e+00
1.617105364799499512e+00
1.820671081542968750e+00
1.784583806991577148e+00
1.815530538558959961e+00
1.752247691154479980e+00
1.801701545715332031e+00
1.819597125053405762e+00
1.806925058364868164e+00
1.749539017677307129e+00
1.844183802604675293e+00
1.738182425498962402e+00
1.920847058296203613e+00
1.882103204727172852e+00
1.854719996452331543e+00
1.882103204727172852e+00
1.810214757919311523e+00
1.879422903060913086e+00
2.037534236907958984e+00
1.861878275871276855e+00
1.801701545715332031e+00
1.890275478363037109e+00
1.882103204727172852e+00
1.824008584022521973e+00
1.830192089080810547e+00
1.893937826156616211e+00
1.926315784454345703e+00
1.553848862648010254e+00
1.850291132926940918e+00
1.662848949432373047e+00
1.711978077888488770e+00
2.043739080429077148e+00
1.804519653320312500e+00
1.816949009895324707e+00
1.833234190940856934e+00
1.980864167213439941e+00
1.940079092979431152e+00
1.757539153099060059e+00
1.897893190383911133e+00
1.837975144386291504e+00
1.833210945129394531e+00
2.031563758850097656e+00
1.601906895637512207e+00
1.753976345062255859e+00
1.738182425498962402e+00
1.594592213630676270e+00
1.650058746337890625e+00
1.662228584289550781e+00
1.819296598434448242e+00
1.798125267028808594e+00
2.058236122131347656e+00
1.821918606758117676e+00
1.560216307640075684e+00
1.788989067077636719e+00
1.599384903907775879e+00
2.031563758850097656e+00
1.753347396850585938e+00
1.847456574440002441e+00
1.745071887969970703e+00
1.745797276496887207e+00
1.874570012092590332e+00
1.610931158065795898e+00
1.581693649291992188e+00
1.847456574440002441e+00
1.787754893302917480e+00
1.807288289070129395e+00
1.826289772987365723e+00
1.874570012092590332e+00
1.874570012092590332e+00
1.682011365890502930e+00
1.770463347434997559e+00
1.861878275871276855e+00
1.874570012092590332e+00
2.018590450286865234e+00
2.043739080429077148e+00
1.894782900810241699e+00
1.696667194366455078e+00
1.845520973205566406e+00
1.845520973205566406e+00
1.640359401702880859e+00
1.623408198356628418e+00
1.885495066642761230e+00
1.817431926727294922e+00
1.759303092956542969e+00
1.882103204727172852e+00
1.822891235351562500e+00
1.773155331611633301e+00
1.628260135650634766e+00
1.848340392112731934e+00
1.710537433624267578e+00
1.744067907333374023e+00
1.998815655708312988e+00
1.528438925743103027e+00
1.882103204727172852e+00
1.882103204727172852e+00
2.018590450286865234e+00
1.733487725257873535e+00
1.916513919830322266e+00
1.882103204727172852e+00
1.831339240074157715e+00
1.882103204727172852e+00
1.759258747100830078e+00
1.882103204727172852e+00
1.835698246955871582e+00
1.975700259208679199e+00
1.969256401062011719e+00
1.810300588607788086e+00
1.882103204727172852e+00
1.604173064231872559e+00
1.698720574378967285e+00
1.879133224487304688e+00
1.270044326782226562e+00
1.818007588386535645e+00
1.878755688667297363e+00
1.690151333808898926e+00
1.599855422973632812e+00
2.018230438232421875e+00
1.748519420623779297e+00
1.767356038093566895e+00
1.850189805030822754e+00
1.774424672126770020e+00
1.836731910705566406e+00
1.860127449035644531e+00
1.899758815765380859e+00
1.819296598434448242e+00
1.919042825698852539e+00
1.712304234504699707e+00
1.680469989776611328e+00
1.878755688667297363e+00
1.808912992477416992e+00
1.639751315116882324e+00
1.609195828437805176e+00
1.720125913619995117e+00
1.813829898834228516e+00
1.564563989639282227e+00
1.878755688667297363e+00
1.891307711601257324e+00
1.771669149398803711e+00
1.876083254814147949e+00
1.815530538558959961e+00
1.718247532844543457e+00
1.734524846076965332e+00
1.652444839477539062e+00
1.632772803306579590e+00
1.878755688667297363e+00
1.685687422752380371e+00
1.847456574440002441e+00
1.965057611465454102e+00
1.968264937400817871e+00
1.948115587234497070e+00
1.674486517906188965e+00
1.932333111763000488e+00
1.872370243072509766e+00
2.061742305755615234e+00
1.912489891052246094e+00
1.689838528633117676e+00
2.018492460250854492e+00
2.043739080429077148e+00
1.862256884574890137e+00
1.788530826568603516e+00
1.858064532279968262e+00
2.043739080429077148e+00
1.801692485809326172e+00
1.718538880348205566e+00
2.091255426406860352e+00
1.836609482765197754e+00
1.813521146774291992e+00
2.008912563323974609e+00
2.036528825759887695e+00
2.008912563323974609e+00
2.043739080429077148e+00
2.042160749435424805e+00
2.008115768432617188e+00
1.742493033409118652e+00
1.998866081237792969e+00
2.058848857879638672e+00
1.639952182769775391e+00
2.058848857879638672e+00
2.017470359802246094e+00
2.060817480087280273e+00
1.871745824813842773e+00
1.791292309761047363e+00
2.059707880020141602e+00
1.885515451431274414e+00
1.697794318199157715e+00
1.989902734756469727e+00
1.365206718444824219e+00
2.059707880020141602e+00
1.705500721931457520e+00
2.031442642211914062e+00
2.008912563323974609e+00
1.875059127807617188e+00
1.824008584022521973e+00
1.808652281761169434e+00
1.751707077026367188e+00
2.008912563323974609e+00
1.840213060379028320e+00
1.854311704635620117e+00
1.925636649131774902e+00
1.600286841392517090e+00
1.909491062164306641e+00
2.114559412002563477e+00
1.957880973815917969e+00
1.864707350730895996e+00
1.924191474914550781e+00
1.957880973815917969e+00
2.055963993072509766e+00
1.957880973815917969e+00
2.008912563323974609e+00
1.953834652900695801e+00
1.818249583244323730e+00
1.808636903762817383e+00
2.031563758850097656e+00
1.495197296142578125e+00
2.008912563323974609e+00
2.036528825759887695e+00
2.040381431579589844e+00
2.058848857879638672e+00
2.043739080429077148e+00
1.875399112701416016e+00
1.847735404968261719e+00
1.918052196502685547e+00
1.864252567291259766e+00
2.008912563323974609e+00
1.967789411544799805e+00
2.008912563323974609e+00
1.969137787818908691e+00
1.898301601409912109e+00
2.029951572418212891e+00
1.954023480415344238e+00
1.921913385391235352e+00
2.008912563323974609e+00
1.786245822906494141e+00
1.508315563201904297e+00
1.826037049293518066e+00
2.043739080429077148e+00
2.010282516479492188e+00
1.958977341651916504e+00
1.808517456054687500e+00
1.903391718864440918e+00
1.988042831420898438e+00
1.948490262031555176e+00
2.031563758850097656e+00
1.729556202888488770e+00
1.946030020713806152e+00
1.888467907905578613e+00
1.852940201759338379e+00
1.944088220596313477e+00
1.950073480606079102e+00
1.703658699989318848e+00
2.043739080429077148e+00
1.798239946365356445e+00
2.114559412002563477e+00
2.036528825759887695e+00
2.040381431579589844e+00
1.808636903762817383e+00
1.987996220588684082e+00
1.865187525749206543e+00
1.611765265464782715e+00
1.834282040596008301e+00
1.765583395957946777e+00
1.986888766288757324e+00
1.744028329849243164e+00
2.007085800170898438e+00
2.043739080429077148e+00
1.983417987823486328e+00
1.938681006431579590e+00
2.026425123214721680e+00
2.020085811614990234e+00
2.020085811614990234e+00
2.139968872070312500e+00
1.797643542289733887e+00
2.009727001190185547e+00
1.876707077026367188e+00
2.006993770599365234e+00
2.060032844543457031e+00
1.954023480415344238e+00
1.691864013671875000e+00
1.808636903762817383e+00
1.581633090972900391e+00
1.975606441497802734e+00
1.819920539855957031e+00
2.114559412002563477e+00
1.969546198844909668e+00
1.791581869125366211e+00
1.994165897369384766e+00
1.728206157684326172e+00
1.852108955383300781e+00
1.945367217063903809e+00
2.114559412002563477e+00
1.893700838088989258e+00
1.959421873092651367e+00
2.079296112060546875e+00
1.876013159751892090e+00
1.389767169952392578e+00
1.771121501922607422e+00
2.026425123214721680e+00
2.114559412002563477e+00
1.952259898185729980e+00
1.905744194984436035e+00
1.758492946624755859e+00
1.777503848075866699e+00
1.889464020729064941e+00
1.830666184425354004e+00
2.004376411437988281e+00
1.684673070907592773e+00
1.729427099227905273e+00
1.913187146186828613e+00
2.058848857879638672e+00
1.808636903762817383e+00
2.114559412002563477e+00
1.994165897369384766e+00
1.994165897369384766e+00
1.938681006431579590e+00
2.058848857879638672e+00
1.904466629028320312e+00
2.031366825103759766e+00
1.994165897369384766e+00
1.809396743774414062e+00
1.901107311248779297e+00
1.849039793014526367e+00
2.030645608901977539e+00
2.037001371383666992e+00
1.960981488227844238e+00
2.041163921356201172e+00
1.833997130393981934e+00
1.416719913482666016e+00
2.008912563323974609e+00
1.808636903762817383e+00
1.677533149719238281e+00
1.995501279830932617e+00
1.984740495681762695e+00
2.058848857879638672e+00
2.043739080429077148e+00
2.093632459640502930e+00
2.048912048339843750e+00
1.952259898185729980e+00
1.849919676780700684e+00
1.933311104774475098e+00
2.076538085937500000e+00
2.091255426406860352e+00
1.695271968841552734e+00
1.534787774085998535e+00
1.943918108940124512e+00
1.874582171440124512e+00
1.420136928558349609e+00
1.666387200355529785e+00
2.058848857879638672e+00
1.781598687171936035e+00
2.083594322204589844e+00
1.898885011672973633e+00
2.058848857879638672e+00
2.025197744369506836e+00
1.945367217063903809e+00
1.965283989906311035e+00
2.026425123214721680e+00
1.680723190307617188e+00
2.026425123214721680e+00
1.935947418212890625e+00
2.114559412002563477e+00
1.803718328475952148e+00
2.026425123214721680e+00
1.774453759193420410e+00
2.028905868530273438e+00
2.114559412002563477e+00
2.058848857879638672e+00
1.990004658699035645e+00
1.760199904441833496e+00
1.983633637428283691e+00
1.854748606681823730e+00
1.867235541343688965e+00
1.765583395957946777e+00
2.114559412002563477e+00
1.909332633018493652e+00
2.026425123214721680e+00
2.026425123214721680e+00
1.853398561477661133e+00
2.114559412002563477e+00
2.040142774581909180e+00
1.666677355766296387e+00
1.994165897369384766e+00
2.066983222961425781e+00
2.026425123214721680e+00
1.795555353164672852e+00
2.025217056274414062e+00
1.941863656044006348e+00
1.851954340934753418e+00
1.818519115447998047e+00
1.994165897369384766e+00
1.761764407157897949e+00
2.114559412002563477e+00
2.114559412002563477e+00
1.779441356658935547e+00
2.080090999603271484e+00
2.082242965698242188e+00
1.772203803062438965e+00
2.067376852035522461e+00
1.555430412292480469e+00
2.114559412002563477e+00
2.114559412002563477e+00
2.043739080429077148e+00
2.114559412002563477e+00
2.031442642211914062e+00
